,id_string,label,TPM,biotype,logFPKM,layer,is_conserved,is_core,is_ortho_metric_nodes
ENSMUSG00000026353,10090.ENSMUSP00000027592,Ubxn4,123.00661466666666,protein_coding,6.229161677718529,MM,True,False,False
ENSMUSG00000028863,10090.ENSMUSP00000053543,Meaf6,96.13126133333333,protein_coding,5.877515494314609,MM,True,False,True
ENSMUSG00000020409,10090.ENSMUSP00000020681,Slu7,76.944191,protein_coding,5.563244960048433,MM,True,False,True
ENSMUSG00000021072,10090.ENSMUSP00000021471,Tmx1,26.312597666666665,protein_coding,4.073286063101877,MM,True,False,True
ENSMUSG00000031808,10090.ENSMUSP00000034267,Slc27a1,9.318568666666666,protein_coding,2.7224289365309526,MM,True,False,False
ENSMUSG00000041268,10090.ENSMUSP00000113705,Dmxl2,9.659016666666666,protein_coding,2.7679978830005516,MM,True,False,False
ENSMUSG00000025171,10090.ENSMUSP00000026170,Ubtd1,73.752379,protein_coding,5.502004923107037,MM,True,False,True
ENSMUSG00000026349,10090.ENSMUSP00000027587,Ccnt2,3.852729,protein_coding,1.730289971620809,MM,True,False,True
ENSMUSG00000014245,10090.ENSMUSP00000014389,Pigl,3.933128333333334,protein_coding,1.7504891694422884,MM,True,True,True
ENSMUSG00000038371,10090.ENSMUSP00000033058,Sbf2,40.511832,protein_coding,4.665001609093116,MM,True,False,True
ENSMUSG00000027655,10090.ENSMUSP00000029186,Dhx35,2.9423073333333334,protein_coding,1.4699304196248544,MM,True,False,False
ENSMUSG00000032288,10090.ENSMUSP00000034827,Imp3,20.958523,protein_coding,3.765577248664335,MM,True,False,True
ENSMUSG00000040025,10090.ENSMUSP00000120414,Ythdf2,20.13394733333333,protein_coding,3.712482759406293,MM,True,False,False
ENSMUSG00000030861,10090.ENSMUSP00000015829,Acadsb,18.689841,protein_coding,3.614671175444196,MM,True,True,True
ENSMUSG00000020283,10090.ENSMUSP00000020523,Pex13,105.080803,protein_coding,6.0050450794398715,MM,True,False,True
ENSMUSG00000021771,10090.ENSMUSP00000022293,Vdac2,581.4783729999998,protein_coding,8.45462879920694,MM,True,True,False
ENSMUSG00000071645,10090.ENSMUSP00000093958,Tut1,50.24769866666667,protein_coding,4.9642424781234205,MM,True,False,True
ENSMUSG00000052748,10090.ENSMUSP00000067516,Swt1,15.929096333333336,protein_coding,3.4039733975920154,MM,True,False,False
ENSMUSG00000029234,10090.ENSMUSP00000031144,Tmem165,15.699929666666668,protein_coding,3.384154550391295,MM,True,False,True
ENSMUSG00000024789,10090.ENSMUSP00000064394,Jak2,2.334832,protein_coding,1.2662074478595013,MM,True,False,True
ENSMUSG00000070280,10090.ENSMUSP00000091289,Slc22a14,88.55532600000001,protein_coding,5.762482881534942,MM,True,False,False
ENSMUSG00000020694,10090.ENSMUSP00000102554,Tlk2,203.67332966666663,protein_coding,6.948741952643995,MM,True,False,True
ENSMUSG00000022791,10090.ENSMUSP00000110777,Tnk2,3.1622220000000003,protein_coding,1.5373298662686585,MM,True,False,True
ENSMUSG00000028656,10090.ENSMUSP00000101862,Cap1,104.175102,protein_coding,5.992425644251503,MM,True,False,False
ENSMUSG00000047368,10090.ENSMUSP00000056099,Abhd17b,98.917132,protein_coding,5.919191339558757,MM,True,False,True
ENSMUSG00000037674,10090.ENSMUSP00000127192,Rfx7,5.323748666666666,protein_coding,2.0716774457390743,MM,True,False,True
ENSMUSG00000024234,10090.ENSMUSP00000025077,Mtpap,23.198293,protein_coding,3.9027168746387875,MM,True,False,True
ENSMUSG00000015291,10090.ENSMUSP00000015435,Gdi1,2.823694333333333,protein_coding,1.431011701589032,MM,True,False,True
ENSMUSG00000020849,10090.ENSMUSP00000070993,Ywhae,440.74759900000004,protein_coding,8.056140992116502,MM,True,False,True
ENSMUSG00000063273,10090.ENSMUSP00000029303,Naa15,100.71455866666668,protein_coding,5.9449902106213,MM,True,False,True
ENSMUSG00000020594,10090.ENSMUSP00000131074,Pum2,17.689621666666664,protein_coding,3.540989034701056,MM,True,False,False
ENSMUSG00000024712,10090.ENSMUSP00000025617,Rfk,7.086531000000001,protein_coding,2.3950231202870214,MM,True,False,True
ENSMUSG00000027582,10090.ENSMUSP00000029105,Zgpat,11.021471333333333,protein_coding,2.930916819735063,MM,True,False,True
ENSMUSG00000040250,10090.ENSMUSP00000032427,Ints13,165.08826733333333,protein_coding,6.648348363113956,MM,True,False,True
ENSMUSG00000026019,10090.ENSMUSP00000027173,Wdr12,212.49746733333333,protein_coding,7.009311833830841,MM,True,True,True
ENSMUSG00000071281,10090.ENSMUSP00000072900,Zfp65,1.2507943333333331,protein_coding,0.8096569996728263,MM,True,False,False
ENSMUSG00000027455,10090.ENSMUSP00000086542,Nsfl1c,37.21088533333333,protein_coding,4.54678152922066,MM,True,True,True
ENSMUSG00000049076,10090.ENSMUSP00000061501,Acap2,4.953491333333333,protein_coding,1.992396713711038,MM,True,False,False
ENSMUSG00000021275,10090.ENSMUSP00000126749,Tecpr2,2.4425326666666667,protein_coding,1.3041194556446456,MM,True,False,True
ENSMUSG00000057230,10090.ENSMUSP00000086948,Aak1,8.312591333333334,protein_coding,2.58520637571916,MM,True,False,True
ENSMUSG00000032567,10090.ENSMUSP00000035181,Aste1,67.43465833333333,protein_coding,5.378100211550846,MM,True,False,False
ENSMUSG00000015002,10090.ENSMUSP00000015146,Efr3a,40.50349033333333,protein_coding,4.665110772861101,MM,True,False,True
ENSMUSG00000070644,10090.ENSMUSP00000114272,Etnk2,2.715882,protein_coding,1.3966129093399235,MM,True,False,True
ENSMUSG00000079614,10090.ENSMUSP00000025421,Seh1l,2.409418,protein_coding,1.292833567547685,MM,True,False,True
ENSMUSG00000062963,10090.ENSMUSP00000078914,Ufc1,43.640175,protein_coding,4.7677075831034665,MM,True,False,True
ENSMUSG00000031839,10090.ENSMUSP00000034300,Hsbp1,1337.2911783333334,protein_coding,9.65361422017352,MM,True,False,True
ENSMUSG00000023353,10090.ENSMUSP00000024123,Agap3,11.675806666666665,protein_coding,3.0021752658570766,MM,True,False,False
ENSMUSG00000026111,10090.ENSMUSP00000027285,Unc50,77.75480166666667,protein_coding,5.577938319099086,MM,True,True,True
ENSMUSG00000024797,10090.ENSMUSP00000123994,Vps51,19.351021,protein_coding,3.6596421171153644,MM,True,False,True
ENSMUSG00000028668,10090.ENSMUSP00000030427,Eloa,31.64386266666667,protein_coding,4.32446570240888,MM,True,False,True
ENSMUSG00000022564,10090.ENSMUSP00000023225,Grina,186.38038633333332,protein_coding,6.821054017089184,MM,True,False,True
ENSMUSG00000026520,10090.ENSMUSP00000027802,Pycr2,3.509958333333333,protein_coding,1.6363984887694256,MM,True,False,True
ENSMUSG00000037104,10090.ENSMUSP00000038591,Socs5,9.48929,protein_coding,2.745383494871783,MM,True,False,False
ENSMUSG00000063362,10090.ENSMUSP00000072382,Alg11,5.768022333333334,protein_coding,2.160522467423748,MM,True,False,True
ENSMUSG00000003660,10090.ENSMUSP00000099509,Snrnp200,81.03860233333334,protein_coding,5.636606805445646,MM,True,True,True
ENSMUSG00000005873,10090.ENSMUSP00000006027,Reep5,10.755143666666667,protein_coding,2.9009107843576554,MM,True,False,False
ENSMUSG00000092232,10090.ENSMUSP00000117229,Gm20521,1.1570256666666665,protein_coding,0.7657734784948063,MM,True,False,True
ENSMUSG00000010936,10090.ENSMUSP00000034190,Vac14,2.6031796666666667,protein_coding,1.3595532174673433,MM,True,False,True
ENSMUSG00000025503,10090.ENSMUSP00000026576,Taldo1,10.983266333333333,protein_coding,2.9269661432013345,MM,True,False,True
ENSMUSG00000025354,10090.ENSMUSP00000026410,Dnajc14,16.411513666666664,protein_coding,3.4423195860556333,MM,True,False,True
ENSMUSG00000041231,10090.ENSMUSP00000099859,Ublcp1,24.661858,protein_coding,3.985448119517396,MM,True,False,True
ENSMUSG00000030092,10090.ENSMUSP00000086623,Cntn6,1.2437083333333334,protein_coding,0.8055442344804307,MM,True,True,False
ENSMUSG00000014867,10090.ENSMUSP00000015011,Surf4,69.14104733333333,protein_coding,5.412373742678219,MM,True,False,True
ENSMUSG00000026313,10090.ENSMUSP00000095249,Hdac4,2.152241666666667,protein_coding,1.1981888189813168,MM,True,False,True
ENSMUSG00000053510,10090.ENSMUSP00000068328,Nrd1,344.7791953333333,protein_coding,7.703469389531203,MM,True,False,False
ENSMUSG00000028991,10090.ENSMUSP00000099510,Mtor,43.969779,protein_coding,4.778510648478341,MM,True,False,True
ENSMUSG00000031311,10090.ENSMUSP00000033673,Nono,5.3427343333333335,protein_coding,2.074942654215538,MM,True,False,False
ENSMUSG00000021282,10090.ENSMUSP00000126825,Eif5,418.330831,protein_coding,7.981252565966064,MM,True,False,False
ENSMUSG00000063801,10090.ENSMUSP00000075082,Ap3s2,5.749627333333333,protein_coding,2.15658322501758,MM,True,True,True
ENSMUSG00000000441,10090.ENSMUSP00000000451,Raf1,19.140928,protein_coding,3.645281560609464,MM,True,False,True
ENSMUSG00000029387,10090.ENSMUSP00000031333,Gtf2h3,13.142238,protein_coding,3.1557580822164337,MM,True,False,True
ENSMUSG00000057706,10090.ENSMUSP00000082168,Mex3b,3.3498263333333336,protein_coding,1.591718347796214,MM,True,False,False
ENSMUSG00000060904,10090.ENSMUSP00000111942,Arl1,67.01409433333332,protein_coding,5.368748528773041,MM,True,False,True
ENSMUSG00000021794,10090.ENSMUSP00000022322,Glud1,3.791247333333333,protein_coding,1.7135490454129447,MM,True,False,True
ENSMUSG00000053333,10090.ENSMUSP00000132673,Dis3l2,11.483515000000002,protein_coding,2.982781401188443,MM,True,False,True
ENSMUSG00000020272,10090.ENSMUSP00000099885,Stk10,23.508723666666665,protein_coding,3.9200121029163877,MM,True,False,True
ENSMUSG00000024259,10090.ENSMUSP00000053325,Slc25a46,12.630933333333333,protein_coding,3.1045853634752327,MM,True,False,True
ENSMUSG00000025757,10090.ENSMUSP00000076336,Hspa4l,134.29730966666668,protein_coding,6.353801657470426,MM,True,False,True
ENSMUSG00000026095,10090.ENSMUSP00000027264,Asnsd1,252.66882833333332,protein_coding,7.258004527435981,MM,True,False,False
ENSMUSG00000024889,10090.ENSMUSP00000025823,Rce1,19.397525333333334,protein_coding,3.6621844934354533,MM,True,True,True
ENSMUSG00000024661,10090.ENSMUSP00000025563,Fth1,444.52672366666667,protein_coding,8.067986713536449,MM,True,False,True
ENSMUSG00000033075,10090.ENSMUSP00000046598,Senp1,32.14718799999999,protein_coding,4.34611430324972,MM,True,True,False
ENSMUSG00000078427,10090.ENSMUSP00000100863,Sarnp,221.6850486666667,protein_coding,7.070075289278436,MM,True,False,True
ENSMUSG00000062647,10090.ENSMUSP00000099962,Rpl7a,74.83324300000001,protein_coding,5.5231503424479085,MM,True,False,True
ENSMUSG00000045435,10090.ENSMUSP00000110914,Tmem60,66.94841766666667,protein_coding,5.366981413144329,MM,True,True,True
ENSMUSG00000029440,10090.ENSMUSP00000098295,Psmd9,51.40192666666667,protein_coding,4.995148408667011,MM,True,False,False
ENSMUSG00000046519,10090.ENSMUSP00000134799,Golph3l,23.36890166666667,protein_coding,3.912503895604367,MM,True,False,True
ENSMUSG00000027522,10090.ENSMUSP00000085218,Stx16,40.123940999999995,protein_coding,4.651506314909002,MM,True,True,True
ENSMUSG00000032381,10090.ENSMUSP00000034945,Ciao2a,69.08904266666667,protein_coding,5.4117286285877455,MM,True,False,False
ENSMUSG00000027602,10090.ENSMUSP00000029128,Map1lc3a,187.10165933333332,protein_coding,6.8263552591407,MM,True,False,True
ENSMUSG00000028328,10090.ENSMUSP00000103402,Tmod1,5.225229333333333,protein_coding,2.051981420320715,MM,True,False,True
ENSMUSG00000029512,10090.ENSMUSP00000031490,Ulk1,3.5442513333333334,protein_coding,1.6470703936447546,MM,True,False,True
ENSMUSG00000027067,10090.ENSMUSP00000076971,Ssrp1,129.06104266666668,protein_coding,6.297207499419402,MM,True,False,True
ENSMUSG00000029528,10090.ENSMUSP00000083709,Pxn,17.265928,protein_coding,3.5084755161175227,MM,True,False,True
ENSMUSG00000062038,10090.ENSMUSP00000132065,Gm10108,5.454907,processed_pseudogene,2.098266264958162,MM,True,False,True
ENSMUSG00000020115,10090.ENSMUSP00000020316,Tbk1,10.524348,protein_coding,2.8737674040379937,MM,True,False,False
ENSMUSG00000092116,10090.ENSMUSP00000126887,Gm10320,1.4875146666666668,protein_coding,0.921498028694136,MM,True,False,True
ENSMUSG00000038773,10090.ENSMUSP00000037628,Kdm3b,2.6913896666666663,protein_coding,1.3890189975906537,MM,True,False,False
ENSMUSG00000002014,10090.ENSMUSP00000002090,Ssr4,10.637535333333332,protein_coding,2.887021084208545,MM,True,False,True
ENSMUSG00000031823,10090.ENSMUSP00000034280,Zdhhc7,7.874205,protein_coding,2.519671474613713,MM,True,False,False
ENSMUSG00000059456,10090.ENSMUSP00000106750,Ptk2b,1.0282806666666666,protein_coding,0.6942380599066467,MM,True,False,True
ENSMUSG00000037416,10090.ENSMUSP00000045559,Dmxl1,4.182454666666667,protein_coding,1.814092625841278,MM,True,False,False
ENSMUSG00000026842,10090.ENSMUSP00000075167,Abl1,11.687593,protein_coding,3.0053675282362087,MM,True,False,True
ENSMUSG00000075376,10090.ENSMUSP00000097721,Rc3h2,9.592907333333336,protein_coding,2.759407342311198,MM,True,False,False
ENSMUSG00000028211,10090.ENSMUSP00000029865,Trp53inp1,6.3170806666666675,protein_coding,2.263809646091112,MM,True,False,False
ENSMUSG00000020440,10090.ENSMUSP00000020717,Arf5,32.984455,protein_coding,4.380760104524074,MM,True,False,True
ENSMUSG00000033760,10090.ENSMUSP00000038256,Rbm4b,58.35181666666667,protein_coding,5.173573594965678,MM,True,True,False
ENSMUSG00000069439,10090.ENSMUSP00000089648,Gm8444,3.881189333333334,processed_pseudogene,1.7377975007669852,MM,True,False,True
ENSMUSG00000022772,10090.ENSMUSP00000023457,Senp5,8.181389666666666,protein_coding,2.566417150661499,MM,True,False,False
ENSMUSG00000027427,10090.ENSMUSP00000028914,Polr3f,2.278503333333333,protein_coding,1.2453780194569581,MM,True,False,True
ENSMUSG00000038563,10090.ENSMUSP00000046046,Efl1,14.687809,protein_coding,3.298157243909516,MM,True,False,True
ENSMUSG00000019951,10090.ENSMUSP00000020112,Uhrf1bp1l,42.36937966666667,protein_coding,4.727316192682073,MM,True,False,False
ENSMUSG00000033222,10090.ENSMUSP00000076208,Ttf2,3.4824403333333334,protein_coding,1.6295067691315976,MM,True,True,False
ENSMUSG00000019899,10090.ENSMUSP00000090304,Lama2,5.030929,protein_coding,2.0095453231708618,MM,True,False,True
ENSMUSG00000025038,10090.ENSMUSP00000026014,Efhc2,10.435536666666666,protein_coding,2.8636056805964083,MM,True,False,False
ENSMUSG00000028902,10090.ENSMUSP00000030734,Sf3a3,179.95579033333337,protein_coding,6.771454712346473,MM,True,False,True
ENSMUSG00000005779,10090.ENSMUSP00000005923,Psmb4,143.974523,protein_coding,6.452686077987118,MM,True,False,True
ENSMUSG00000052698,10090.ENSMUSP00000039633,Tln2,5.9222573333333335,protein_coding,2.1896882671684668,MM,True,False,True
ENSMUSG00000020843,10090.ENSMUSP00000021203,Timm22,18.95935633333333,protein_coding,3.6322667029958544,MM,True,False,True
ENSMUSG00000030761,10090.ENSMUSP00000102745,Myo7a,9.52464,protein_coding,2.74999785784355,MM,True,False,False
ENSMUSG00000044864,10090.ENSMUSP00000113349,Ankrd50,1.3114843333333337,protein_coding,0.8389625207533051,MM,True,False,True
ENSMUSG00000032399,10090.ENSMUSP00000034966,Rpl4,529.7444356666666,protein_coding,8.320212478739041,MM,True,False,True
ENSMUSG00000031916,10090.ENSMUSP00000093173,Cog8,28.973411666666664,protein_coding,4.2032371057614215,MM,True,False,True
ENSMUSG00000090733,10090.ENSMUSP00000132102,Rps27,184.58428933333332,protein_coding,6.8075917107105495,MM,True,False,True
ENSMUSG00000013160,10090.ENSMUSP00000013304,Atp6v0d1,38.384908,protein_coding,4.590178881010752,MM,True,False,True
ENSMUSG00000042447,10090.ENSMUSP00000039301,Mios,45.48799766666667,protein_coding,4.826174617711877,MM,True,False,True
ENSMUSG00000012848,10090.ENSMUSP00000004554,Rps5,166.34548933333338,protein_coding,6.6584056002600995,MM,True,False,True
ENSMUSG00000028207,10090.ENSMUSP00000077273,Asph,1.8785406666666669,protein_coding,1.0912308749860888,MM,True,False,True
ENSMUSG00000025781,10090.ENSMUSP00000110547,Atp5c1,270.945394,protein_coding,7.357752487178209,MM,True,False,True
ENSMUSG00000048787,10090.ENSMUSP00000058968,Dcun1d3,9.611964666666667,protein_coding,2.761630159665759,MM,True,False,False
ENSMUSG00000026858,10090.ENSMUSP00000097787,Miga2,1.8331436666666665,protein_coding,1.0715967933032877,MM,True,False,False
ENSMUSG00000096405,10090.ENSMUSP00000136756,4930474N05Rik,4.4885573333333335,protein_coding,1.8866110143098163,MM,True,False,True
ENSMUSG00000057614,10090.ENSMUSP00000074259,Gnai1,1.3970453333333337,protein_coding,0.8800266779630392,MM,True,False,True
ENSMUSG00000020716,10090.ENSMUSP00000071289,Nf1,19.791898,protein_coding,3.6899079463031836,MM,True,False,True
ENSMUSG00000022012,10090.ENSMUSP00000022589,Enox1,13.159991,protein_coding,3.1563846426322026,MM,True,False,False
ENSMUSG00000044763,10090.ENSMUSP00000058954,Trmt10c,3.5362240000000003,protein_coding,1.6446910954482046,MM,True,False,True
ENSMUSG00000018412,10090.ENSMUSP00000102585,Kansl1,19.782442,protein_coding,3.689412931379633,MM,True,False,True
ENSMUSG00000019814,10090.ENSMUSP00000019950,Ltv1,77.66737099999997,protein_coding,5.576857236373133,MM,True,False,True
ENSMUSG00000022023,10090.ENSMUSP00000022601,Wbp4,142.576452,protein_coding,6.439260390445575,MM,True,True,False
ENSMUSG00000026456,10090.ENSMUSP00000027726,Cyb5r1,1.5460563333333337,protein_coding,0.9479683150657079,MM,True,False,True
ENSMUSG00000062866,10090.ENSMUSP00000101185,Phactr2,1.8495700000000002,protein_coding,1.0790362501782413,MM,True,False,True
ENSMUSG00000024911,10090.ENSMUSP00000025847,Fibp,39.31810866666667,protein_coding,4.6232145877083815,MM,True,False,True
ENSMUSG00000024206,10090.ENSMUSP00000002444,Rfx2,136.8771363333333,protein_coding,6.3801278307935245,MM,True,False,True
ENSMUSG00000029916,10090.ENSMUSP00000031977,Agk,9.692845,protein_coding,2.772601749158966,MM,True,False,True
ENSMUSG00000032834,10090.ENSMUSP00000045812,Pwp2,3.6925286666666666,protein_coding,1.6871098227690724,MM,True,False,True
ENSMUSG00000038489,10090.ENSMUSP00000043204,Polr2l,14.907568333333336,protein_coding,3.3161170619261413,MM,True,False,True
ENSMUSG00000069899,10090.ENSMUSP00000090857,Gm12166,6.728722666666667,protein_coding,2.3349249010367177,MM,True,False,False
ENSMUSG00000039048,10090.ENSMUSP00000038924,Foxred1,11.293102333333332,protein_coding,2.9616791953700554,MM,True,False,False
ENSMUSG00000005354,10090.ENSMUSP00000005487,Txn2,114.135366,protein_coding,6.122191326079927,MM,True,False,True
ENSMUSG00000052395,10090.ENSMUSP00000064153,Rft1,3.697794666666667,protein_coding,1.689017304206157,MM,True,False,True
ENSMUSG00000053134,10090.ENSMUSP00000067337,Supt7l,4.866345666666667,protein_coding,1.9736526609580214,MM,True,True,True
ENSMUSG00000032328,10090.ENSMUSP00000034878,Tmem30a,67.00471499999999,protein_coding,5.368848162973129,MM,True,False,True
ENSMUSG00000000751,10090.ENSMUSP00000000767,Rpa1,193.95480866666665,protein_coding,6.878483605242803,MM,True,False,True
ENSMUSG00000022388,10090.ENSMUSP00000104996,Ttll8,46.30149066666666,protein_coding,4.849015567099158,MM,True,False,False
ENSMUSG00000042406,10090.ENSMUSP00000105234,Atf4,98.83472166666668,protein_coding,5.917602892218857,MM,True,True,False
ENSMUSG00000029060,10090.ENSMUSP00000099465,Mib2,13.994929,protein_coding,3.235046954219912,MM,True,False,True
ENSMUSG00000030471,10090.ENSMUSP00000112498,Zdhhc13,15.216446,protein_coding,3.3440280715058535,MM,True,False,True
ENSMUSG00000046687,10090.ENSMUSP00000136734,Gm5424,30.39153,processed_pseudogene,4.268573725596925,MM,True,False,False
ENSMUSG00000024121,10090.ENSMUSP00000024932,Atp6v0c,32.95126333333334,protein_coding,4.379297493010417,MM,True,False,True
ENSMUSG00000018861,10090.ENSMUSP00000021078,Fdxr,16.362743666666667,protein_coding,3.437797760757009,MM,True,False,True
ENSMUSG00000041057,10090.ENSMUSP00000048337,Wdr43,16.60806033333333,protein_coding,3.458707772503196,MM,True,False,True
ENSMUSG00000029500,10090.ENSMUSP00000108124,Pgam5,23.123237,protein_coding,3.8979938191269743,MM,True,False,False
ENSMUSG00000051495,10090.ENSMUSP00000062753,Irf2bp2,1.5362006666666668,protein_coding,0.9442490126541566,MM,True,False,False
ENSMUSG00000041297,10090.ENSMUSP00000036013,Cdk13,31.81722566666667,protein_coding,4.332122694120983,MM,True,False,True
ENSMUSG00000029767,10090.ENSMUSP00000031779,Calu,12.866552,protein_coding,3.128352742117427,MM,True,False,True
ENSMUSG00000003233,10090.ENSMUSP00000003318,Dvl3,2.1491363333333333,protein_coding,1.1972258686541035,MM,True,False,True
ENSMUSG00000039795,10090.ENSMUSP00000037459,Zfand1,1.5804626666666666,protein_coding,0.964440529208646,MM,True,False,False
ENSMUSG00000028224,10090.ENSMUSP00000029879,Nbn,53.21380733333334,protein_coding,5.045475443848758,MM,True,False,True
ENSMUSG00000075470,10090.ENSMUSP00000097882,Alg10b,2.800291333333333,protein_coding,1.4250873931437693,MM,True,False,True
ENSMUSG00000017801,10090.ENSMUSP00000017945,Mlx,5.046706333333333,protein_coding,2.012725746493941,MM,True,False,True
ENSMUSG00000023004,10090.ENSMUSP00000076777,Tuba1b,11.319033000000001,protein_coding,2.9646275721738324,MM,True,False,True
ENSMUSG00000065947,10090.ENSMUSP00000081021,mt-Nd4l,98033.27083333331,protein_coding,15.84822873965139,MM,True,False,False
ENSMUSG00000021629,10090.ENSMUSP00000065764,Slc30a5,15.407907666666668,protein_coding,3.3605342432593064,MM,True,False,True
ENSMUSG00000033953,10090.ENSMUSP00000099944,Ppp3r1,5.012659666666667,protein_coding,2.005932530773744,MM,True,False,True
ENSMUSG00000066551,10090.ENSMUSP00000082682,Hmgb1,11.521470666666668,protein_coding,2.9881587077341543,MM,True,False,True
ENSMUSG00000020755,10090.ENSMUSP00000114844,Sap30bp,14.790120000000002,protein_coding,3.3068477842880517,MM,True,False,False
ENSMUSG00000024969,10090.ENSMUSP00000131684,Mark2,109.25836433333332,protein_coding,6.05947720609739,MM,True,True,False
ENSMUSG00000000355,10090.ENSMUSP00000000365,Mcts1,2.011915,protein_coding,1.1441862803151575,MM,True,False,True
ENSMUSG00000026836,10090.ENSMUSP00000088453,Acvr1,2.6873713333333336,protein_coding,1.3877753631454368,MM,True,True,True
ENSMUSG00000020903,10090.ENSMUSP00000021285,Stx8,146.222814,protein_coding,6.474878967432208,MM,True,False,False
ENSMUSG00000021838,10090.ENSMUSP00000022386,Samd4,39.365477333333345,protein_coding,4.624448616719554,MM,True,False,False
ENSMUSG00000024516,10090.ENSMUSP00000025394,Sec11c,16.356247,protein_coding,3.438295779555041,MM,True,False,False
ENSMUSG00000036777,10090.ENSMUSP00000045873,Anln,27.75525033333333,protein_coding,4.145720436543217,MM,True,True,False
ENSMUSG00000020692,10090.ENSMUSP00000099502,Nle1,1.1759703333333331,protein_coding,0.769880607142809,MM,True,False,True
ENSMUSG00000031799,10090.ENSMUSP00000003575,Tpm4,5.6591330000000015,protein_coding,2.1393552143961485,MM,True,False,True
ENSMUSG00000014606,10090.ENSMUSP00000014750,Slc25a11,27.499260999999997,protein_coding,4.13265347181389,MM,True,False,False
ENSMUSG00000041685,10090.ENSMUSP00000042959,Fcho2,8.710703,protein_coding,2.6421373203863507,MM,True,False,True
ENSMUSG00000040888,10090.ENSMUSP00000049186,Gfer,49.24274933333334,protein_coding,4.935365576663407,MM,True,False,False
ENSMUSG00000029169,10090.ENSMUSP00000031061,Dhx15,98.93613166666668,protein_coding,5.919685307394293,MM,True,False,True
ENSMUSG00000040774,10090.ENSMUSP00000065743,Cept1,1.736716,protein_coding,1.0321636290177278,MM,True,True,True
ENSMUSG00000033526,10090.ENSMUSP00000106256,Ppip5k1,22.857919,protein_coding,3.882464078869771,MM,True,True,True
ENSMUSG00000062234,10090.ENSMUSP00000036705,Gak,22.33739733333333,protein_coding,3.851039052455037,MM,True,False,True
ENSMUSG00000074582,10090.ENSMUSP00000096677,Arfgef2,16.27582633333333,protein_coding,3.4315201356147953,MM,True,False,True
ENSMUSG00000025575,10090.ENSMUSP00000090032,Cant1,32.55003166666666,protein_coding,4.363017849815264,MM,True,True,True
ENSMUSG00000022136,10090.ENSMUSP00000022734,Dnajc3,32.16106866666667,protein_coding,4.346915864740056,MM,True,False,True
ENSMUSG00000028944,10090.ENSMUSP00000030784,Prkag2,267.36956266666664,protein_coding,7.338675366980972,MM,True,False,True
ENSMUSG00000039770,10090.ENSMUSP00000037764,Ypel5,33.155363,protein_coding,4.388871475377728,MM,True,False,True
ENSMUSG00000018697,10090.ENSMUSP00000018841,Aatf,63.603091000000006,protein_coding,5.295234207980551,MM,True,False,False
ENSMUSG00000042520,10090.ENSMUSP00000066138,Ubap2l,63.891281000000006,protein_coding,5.301260625491458,MM,True,False,False
ENSMUSG00000025742,10090.ENSMUSP00000026839,Prps2,1.7336583333333333,protein_coding,1.0304088293342726,MM,True,False,True
ENSMUSG00000037174,10090.ENSMUSP00000088678,Elf2,209.66457633333332,protein_coding,6.989925877674464,MM,True,True,False
ENSMUSG00000020463,10090.ENSMUSP00000020755,Ppp4r3b,87.75624866666668,protein_coding,5.749721734335107,MM,True,True,True
ENSMUSG00000026812,10090.ENSMUSP00000109500,Tsc1,11.416364333333336,protein_coding,2.975724394284533,MM,True,False,True
ENSMUSG00000060475,10090.ENSMUSP00000007007,Wtap,14.096885333333333,protein_coding,3.2453888207346306,MM,True,False,True
ENSMUSG00000024937,10090.ENSMUSP00000037656,Ehbp1l1,64.191383,protein_coding,5.306714688186967,MM,True,False,False
ENSMUSG00000034135,10090.ENSMUSP00000121032,Sik3,13.890814999999998,protein_coding,3.2258608671608218,MM,True,False,False
ENSMUSG00000020056,10090.ENSMUSP00000020248,Washc3,120.92548866666664,protein_coding,6.204505968824796,MM,True,False,True
ENSMUSG00000003033,10090.ENSMUSP00000003117,Ap1m1,208.51821400000003,protein_coding,6.981782019615962,MM,True,True,True
ENSMUSG00000046573,10090.ENSMUSP00000060779,Lyrm4,4.545675,protein_coding,1.901610555918925,MM,True,False,True
ENSMUSG00000030738,10090.ENSMUSP00000032992,Eif3c,305.1229246666666,protein_coding,7.527790452567363,MM,True,False,True
ENSMUSG00000014077,10090.ENSMUSP00000014221,Chp1,31.976542,protein_coding,4.338616713762776,MM,True,False,True
ENSMUSG00000040455,10090.ENSMUSP00000067109,Usp45,6.0011730000000005,protein_coding,2.204998418653557,MM,True,False,False
ENSMUSG00000015790,10090.ENSMUSP00000015934,Surf1,20.84104633333333,protein_coding,3.7586778752227477,MM,True,False,True
ENSMUSG00000073664,10090.ENSMUSP00000124056,Nbeal1,1.7806520000000001,protein_coding,1.0507691415254354,MM,True,False,False
ENSMUSG00000024287,10090.ENSMUSP00000025137,Thoc1,86.72202066666668,protein_coding,5.7324879934669735,MM,True,True,True
ENSMUSG00000045975,10090.ENSMUSP00000127368,C2cd2,14.053043666666667,protein_coding,3.2402832359944145,MM,True,False,True
ENSMUSG00000019433,10090.ENSMUSP00000019577,Gipc1,2.1263970000000003,protein_coding,1.187675279870368,MM,True,False,True
ENSMUSG00000016018,10090.ENSMUSP00000022281,Mtrex,138.084569,protein_coding,6.39364314828824,MM,True,False,True
ENSMUSG00000039953,10090.ENSMUSP00000036962,Clstn1,2.2159383333333333,protein_coding,1.2216319206403603,MM,True,False,False
ENSMUSG00000061360,10090.ENSMUSP00000023117,Phf5a,28.630443333333336,protein_coding,4.187376753055507,MM,True,False,True
ENSMUSG00000028953,10090.ENSMUSP00000030795,Abcf2,143.27129633333334,protein_coding,6.44562601064137,MM,True,False,True
ENSMUSG00000057378,10090.ENSMUSP00000089426,Ryr3,1.283534,protein_coding,0.8254274527851407,MM,True,False,True
ENSMUSG00000027086,10090.ENSMUSP00000072896,Fastkd1,10.042266666666668,protein_coding,2.8160401313353596,MM,True,False,False
ENSMUSG00000029422,10090.ENSMUSP00000138691,Rsrc2,149.61037433333334,protein_coding,6.508318079707217,MM,True,False,False
ENSMUSG00000024006,10090.ENSMUSP00000009138,Stk38,40.68638366666666,protein_coding,4.671096564432473,MM,True,True,True
ENSMUSG00000037395,10090.ENSMUSP00000073004,Rcor3,97.07926433333334,protein_coding,5.892249145828835,MM,True,True,True
ENSMUSG00000037949,10090.ENSMUSP00000045214,Ano10,47.206435,protein_coding,4.877502259272426,MM,True,True,False
ENSMUSG00000023967,10090.ENSMUSP00000024763,Mrps18a,62.37342833333334,protein_coding,5.267030816373735,MM,True,False,True
ENSMUSG00000025159,10090.ENSMUSP00000130900,Mms19,3.786001,protein_coding,1.7123108081117484,MM,True,False,True
ENSMUSG00000033701,10090.ENSMUSP00000049124,Acbd6,87.021866,protein_coding,5.737371484397908,MM,True,False,True
ENSMUSG00000020821,10090.ENSMUSP00000092075,Kif1c,2.119588,protein_coding,1.1854390637614634,MM,True,False,True
ENSMUSG00000021279,10090.ENSMUSP00000042565,Cdc42bpb,3.831714,protein_coding,1.7244193347402001,MM,True,False,True
ENSMUSG00000034342,10090.ENSMUSP00000041902,Cbl,26.411515,protein_coding,4.07797880225242,MM,True,False,True
ENSMUSG00000028681,10090.ENSMUSP00000030443,Ptch2,5.701164,protein_coding,2.1461195965614137,MM,True,True,False
ENSMUSG00000015363,10090.ENSMUSP00000080403,Trabd,12.822871,protein_coding,3.1226268919622115,MM,True,False,False
ENSMUSG00000027774,10090.ENSMUSP00000076503,Gfm1,16.46186833333333,protein_coding,3.4466072870863673,MM,True,False,True
ENSMUSG00000020163,10090.ENSMUSP00000020372,Uqcr11,92.68199433333336,protein_coding,5.825391087656053,MM,True,False,False
ENSMUSG00000022263,10090.ENSMUSP00000087714,Trio,2.5807366666666667,protein_coding,1.3516884401438483,MM,True,False,False
ENSMUSG00000026786,10090.ENSMUSP00000014290,Apbb1ip,1.129883,protein_coding,0.7482193323065252,MM,True,False,False
ENSMUSG00000031904,10090.ENSMUSP00000034378,Slc7a6,24.89898633333333,protein_coding,3.9981824424006045,MM,True,False,False
ENSMUSG00000005615,10090.ENSMUSP00000130056,Pcyt1a,25.915097,protein_coding,4.052079324596528,MM,True,False,True
ENSMUSG00000031029,10090.ENSMUSP00000033342,Eif3f,65.79392733333333,protein_coding,5.342335731425601,MM,True,False,True
ENSMUSG00000040866,10090.ENSMUSP00000046526,Rsph6a,186.5250803333333,protein_coding,6.822082510361508,MM,True,False,True
ENSMUSG00000033530,10090.ENSMUSP00000052107,Ttc7b,1.4726023333333331,protein_coding,0.9147589106842671,MM,True,False,True
ENSMUSG00000054874,10090.ENSMUSP00000109245,Pcnx3,11.081542333333333,protein_coding,2.936765188907358,MM,True,False,False
ENSMUSG00000024841,10090.ENSMUSP00000025759,Eif1ad,39.85711166666667,protein_coding,4.642526605091886,MM,True,False,True
ENSMUSG00000003644,10090.ENSMUSP00000101514,Rps6ka1,7.436941666666668,protein_coding,2.4519174143068714,MM,True,False,True
ENSMUSG00000027263,10090.ENSMUSP00000044049,Tubgcp4,26.636744000000004,protein_coding,4.089478800652494,MM,True,False,True
ENSMUSG00000010609,10090.ENSMUSP00000010753,Psen2,1.5502366666666667,protein_coding,0.950315613517828,MM,True,False,True
ENSMUSG00000026620,10090.ENSMUSP00000027929,Mark1,2.0650513333333333,protein_coding,1.1646650832375798,MM,True,True,False
ENSMUSG00000017291,10090.ENSMUSP00000055470,Taok1,8.482452333333333,protein_coding,2.6095349801029295,MM,True,False,False
ENSMUSG00000063800,10090.ENSMUSP00000078207,Prpf38a,76.51614633333331,protein_coding,5.555521983761976,MM,True,False,True
ENSMUSG00000063873,10090.ENSMUSP00000105634,Slc24a3,1.2714206666666668,protein_coding,0.8192910445109713,MM,True,False,False
ENSMUSG00000029447,10090.ENSMUSP00000031402,Cct6a,202.85793533333333,protein_coding,6.943143223062036,MM,True,False,True
ENSMUSG00000025950,10090.ENSMUSP00000095316,Idh1,40.00541166666667,protein_coding,4.647684289485693,MM,True,False,True
ENSMUSG00000004070,10090.ENSMUSP00000004172,Hmox2,312.8481243333333,protein_coding,7.564163450581425,MM,True,False,True
ENSMUSG00000007656,10090.ENSMUSP00000007800,Arpp19,35.746509333333336,protein_coding,4.494701155534653,MM,True,False,True
ENSMUSG00000022210,10090.ENSMUSP00000022821,Dhrs4,97.19605533333332,protein_coding,5.894352930488365,MM,True,False,True
ENSMUSG00000051811,10090.ENSMUSP00000064988,Cox6b2,293.4023486666667,protein_coding,7.470619902806419,MM,True,True,False
ENSMUSG00000035150,10090.ENSMUSP00000059395,Eif2s3x,1.4356296666666666,protein_coding,0.8984286909809351,MM,True,False,True
ENSMUSG00000022678,10090.ENSMUSP00000023359,Nde1,9.596501000000002,protein_coding,2.7598902776518695,MM,True,False,True
ENSMUSG00000026131,10090.ENSMUSP00000095392,Dst,17.460814999999997,protein_coding,3.5237299261618777,MM,True,False,True
ENSMUSG00000006299,10090.ENSMUSP00000136644,Aamp,462.3872683333333,protein_coding,8.124115182516807,MM,True,False,False
ENSMUSG00000032393,10090.ENSMUSP00000034960,Dpp8,109.351148,protein_coding,6.061736688510853,MM,True,False,False
ENSMUSG00000058239,10090.ENSMUSP00000132256,Usf2,23.117965,protein_coding,3.8977198241598545,MM,True,False,False
ENSMUSG00000033161,10090.ENSMUSP00000039657,Atp1a1,16.75704233333333,protein_coding,3.4697354489754058,MM,True,False,False
ENSMUSG00000049690,10090.ENSMUSP00000125624,Nckap5,1.336068,protein_coding,0.85154344376453,MM,True,False,False
ENSMUSG00000015671,10090.ENSMUSP00000129767,Psma2,35.16574233333333,protein_coding,4.4696883951213024,MM,True,True,True
ENSMUSG00000032397,10090.ENSMUSP00000034964,Tipin,37.281519,protein_coding,4.5509708691741295,MM,True,False,False
ENSMUSG00000036815,10090.ENSMUSP00000108225,Dpp10,1.881654,protein_coding,1.0920984875003645,MM,True,False,False
ENSMUSG00000000168,10090.ENSMUSP00000034567,Dlat,57.34059566666667,protein_coding,5.149700817056034,MM,True,True,True
ENSMUSG00000090112,10090.ENSMUSP00000039422,Shprh,2.827914666666667,protein_coding,1.433812660417209,MM,True,False,True
ENSMUSG00000002365,10090.ENSMUSP00000002436,Snx9,7.987249666666667,protein_coding,2.537184971567423,MM,True,False,True
ENSMUSG00000033416,10090.ENSMUSP00000043000,Gucd1,20.43667733333333,protein_coding,3.7317651632863753,MM,True,False,False
ENSMUSG00000023015,10090.ENSMUSP00000023756,Racgap1,65.167727,protein_coding,5.330011107054649,MM,True,False,True
ENSMUSG00000098923,10090.ENSMUSP00000139021,Tmem185b,8.996359333333332,protein_coding,2.6808193496385817,MM,True,False,False
ENSMUSG00000022285,10090.ENSMUSP00000022894,Ywhaz,85.39234900000002,protein_coding,5.710639388177256,MM,True,False,True
ENSMUSG00000003546,10090.ENSMUSP00000003642,Klc4,12.451510999999998,protein_coding,3.0849453213166793,MM,True,False,True
ENSMUSG00000039914,10090.ENSMUSP00000036213,Coq10a,2.8022276666666666,protein_coding,1.425450352795159,MM,True,False,False
ENSMUSG00000024293,10090.ENSMUSP00000025142,Esco1,22.400402,protein_coding,3.855360207532371,MM,True,True,False
ENSMUSG00000020585,10090.ENSMUSP00000020909,Laptm4a,119.483317,protein_coding,6.187316332854577,MM,True,False,True
ENSMUSG00000048118,10090.ENSMUSP00000035512,Arid4a,11.942561666666668,protein_coding,3.03319409044862,MM,True,False,False
ENSMUSG00000041168,10090.ENSMUSP00000041814,Lonp1,8.678417999999999,protein_coding,2.6367999952026455,MM,True,False,True
ENSMUSG00000039318,10090.ENSMUSP00000066325,Rab3gap2,22.48332033333333,protein_coding,3.859740109671216,MM,True,False,True
ENSMUSG00000029629,10090.ENSMUSP00000111172,Phf14,26.74612933333333,protein_coding,4.095438771549914,MM,True,False,False
ENSMUSG00000029713,10090.ENSMUSP00000031726,Gnb2,63.70789833333333,protein_coding,5.296232481145822,MM,True,False,True
ENSMUSG00000049106,10090.ENSMUSP00000052755,Dcaf5,29.50049466666667,protein_coding,4.228252401716344,MM,True,False,True
ENSMUSG00000049299,10090.ENSMUSP00000099662,Trappc1,23.99224166666667,protein_coding,3.9480884004175927,MM,True,False,True
ENSMUSG00000041429,10090.ENSMUSP00000047413,Nthl1,1.911202,protein_coding,1.1032868011482238,MM,True,False,True
ENSMUSG00000029247,10090.ENSMUSP00000031160,Paics,65.114324,protein_coding,5.328298009354253,MM,True,False,True
ENSMUSG00000027475,10090.ENSMUSP00000028977,Kif3b,171.41623433333334,protein_coding,6.701999279049858,MM,True,True,True
ENSMUSG00000038463,10090.ENSMUSP00000047291,Olfml2b,1.0424966666666666,protein_coding,0.7025818977968119,MM,True,False,False
ENSMUSG00000028465,10090.ENSMUSP00000030187,Tln1,33.47017266666666,protein_coding,4.4014503914975975,MM,True,False,True
ENSMUSG00000002103,10090.ENSMUSP00000002172,Acp2,11.477169666666667,protein_coding,2.9825203995772966,MM,True,False,False
ENSMUSG00000032366,10090.ENSMUSP00000109337,Tpm1,6.4047556666666665,protein_coding,2.278693823713746,MM,True,False,True
ENSMUSG00000021711,10090.ENSMUSP00000022224,Trappc13,3.5871269999999997,protein_coding,1.658667892592229,MM,True,False,True
ENSMUSG00000034593,10090.ENSMUSP00000116028,Myo5a,3.143091333333333,protein_coding,1.531237381376251,MM,True,False,True
ENSMUSG00000024747,10090.ENSMUSP00000025656,Aldh1a7,12.479698999999998,protein_coding,3.0884833990979974,MM,True,False,False
ENSMUSG00000026917,10090.ENSMUSP00000109585,Wdr5,20.14448233333333,protein_coding,3.71348976891016,MM,True,False,True
ENSMUSG00000055839,10090.ENSMUSP00000066210,Elob,393.898285,protein_coding,7.893346470642106,MM,True,False,True
ENSMUSG00000030630,10090.ENSMUSP00000032865,Fah,1.7259556666666669,protein_coding,1.0275103159039867,MM,True,False,True
ENSMUSG00000075415,10090.ENSMUSP00000109190,Fnbp1,1.6474580000000003,protein_coding,0.9929240497802997,MM,True,False,True
ENSMUSG00000052146,10090.ENSMUSP00000110532,Rps10,72.34153733333333,protein_coding,5.475209167329881,MM,True,False,True
ENSMUSG00000015023,10090.ENSMUSP00000047898,Ddx19a,11.624335,protein_coding,2.9984934608327927,MM,True,False,True
ENSMUSG00000031783,10090.ENSMUSP00000105147,Polr2c,33.03835033333333,protein_coding,4.383101356103555,MM,True,False,True
ENSMUSG00000028798,10090.ENSMUSP00000099653,Eif3i,221.10271699999998,protein_coding,7.06586314693842,MM,True,False,True
ENSMUSG00000022141,10090.ENSMUSP00000059385,Nipbl,152.575928,protein_coding,6.536083396542582,MM,True,False,False
ENSMUSG00000000194,10090.ENSMUSP00000056739,Gpr107,16.399012,protein_coding,3.441370554352916,MM,True,False,True
ENSMUSG00000035505,10090.ENSMUSP00000113353,Cox18,5.1545603333333325,protein_coding,2.036146703979037,MM,True,False,False
ENSMUSG00000073639,10090.ENSMUSP00000095285,Rab18,9.350982,protein_coding,2.728387848331081,MM,True,False,True
ENSMUSG00000030816,10090.ENSMUSP00000033088,Rnf40,107.51462566666667,protein_coding,6.0368894806472015,MM,True,False,True
ENSMUSG00000037617,10090.ENSMUSP00000047335,Spag1,110.692342,protein_coding,6.078425622304245,MM,True,False,True
ENSMUSG00000031556,10090.ENSMUSP00000033961,Tm2d2,82.309761,protein_coding,5.658278759338007,MM,True,False,True
ENSMUSG00000002227,10090.ENSMUSP00000126897,Mov10,1.0817063333333332,protein_coding,0.7229987031976264,MM,True,False,False
ENSMUSG00000058392,10090.ENSMUSP00000080085,Rrp1b,6.735903666666667,protein_coding,2.3371054421743764,MM,True,False,True
ENSMUSG00000009640,10090.ENSMUSP00000099748,Dmap1,80.11326866666667,protein_coding,5.619546855733258,MM,True,False,True
ENSMUSG00000038780,10090.ENSMUSP00000082827,Smurf1,65.06815966666666,protein_coding,5.326036840869321,MM,True,False,True
ENSMUSG00000023892,10090.ENSMUSP00000045684,Zfp51,19.047723333333334,protein_coding,3.639435314988507,MM,True,True,False
ENSMUSG00000009863,10090.ENSMUSP00000010007,Sdhb,202.11942566666667,protein_coding,6.937437162996679,MM,True,False,True
ENSMUSG00000030763,10090.ENSMUSP00000033025,Lcmt1,29.39713466666667,protein_coding,4.223461165452422,MM,True,False,True
ENSMUSG00000003131,10090.ENSMUSP00000127851,Pafah1b2,477.84773733333327,protein_coding,8.172094681933556,MM,True,False,True
ENSMUSG00000041328,10090.ENSMUSP00000113717,Pcf11,74.14290100000002,protein_coding,5.511572309568358,MM,True,False,True
ENSMUSG00000063063,10090.ENSMUSP00000124376,Ctnna2,2.768711333333333,protein_coding,1.4144384761566537,MM,True,False,True
ENSMUSG00000032375,10090.ENSMUSP00000034934,Aph1b,1.4425763333333332,protein_coding,0.9013819492810334,MM,True,False,True
ENSMUSG00000030127,10090.ENSMUSP00000108058,Cops7a,188.3405153333333,protein_coding,6.836033173099717,MM,True,True,True
ENSMUSG00000031432,10090.ENSMUSP00000033809,Prps1,3.2499653333333334,protein_coding,1.5632383592667587,MM,True,False,True
ENSMUSG00000021891,10090.ENSMUSP00000077138,Mettl6,88.99500266666666,protein_coding,5.769660818108689,MM,True,False,False
ENSMUSG00000045098,10090.ENSMUSP00000109605,Kmt5b,7.752777999999998,protein_coding,2.502178668541181,MM,True,False,False
ENSMUSG00000041769,10090.ENSMUSP00000040321,Ppp2r2d,122.19656133333336,protein_coding,6.219327434089526,MM,True,True,True
ENSMUSG00000029640,10090.ENSMUSP00000082754,Usp12,12.212910333333333,protein_coding,3.0610949464845603,MM,True,False,True
ENSMUSG00000048109,10090.ENSMUSP00000054424,Rbm15,23.026788666666665,protein_coding,3.892516021684884,MM,True,False,False
ENSMUSG00000034931,10090.ENSMUSP00000037251,Dhx8,34.307323,protein_coding,4.43513092065894,MM,True,False,False
ENSMUSG00000035078,10090.ENSMUSP00000059894,Mtmr9,45.51694333333333,protein_coding,4.826786959264751,MM,True,False,True
ENSMUSG00000031158,10090.ENSMUSP00000033498,Timm17b,1.634235,protein_coding,0.9872403298850868,MM,True,False,True
ENSMUSG00000035559,10090.ENSMUSP00000037929,Mpv17l2,1.9107876666666663,protein_coding,1.1030931696013857,MM,True,False,False
ENSMUSG00000075232,10090.ENSMUSP00000097528,Amd1,35.98360299999999,protein_coding,4.50126100007091,MM,True,True,True
ENSMUSG00000030060,10090.ENSMUSP00000032141,Hmces,6.2799093333333325,protein_coding,2.2562043348769114,MM,True,False,True
ENSMUSG00000057069,10090.ENSMUSP00000071864,Ero1lb,100.9913,protein_coding,5.948470105117841,MM,True,True,True
ENSMUSG00000005378,10090.ENSMUSP00000083146,Bud23,35.260404666666666,protein_coding,4.472032817555788,MM,True,True,True
ENSMUSG00000036835,10090.ENSMUSP00000044682,Psenen,57.195638,protein_coding,5.145215338407421,MM,True,False,True
ENSMUSG00000011960,10090.ENSMUSP00000126874,Ccnt1,3.980568,protein_coding,1.763180384782962,MM,True,False,True
ENSMUSG00000018334,10090.ENSMUSP00000018478,Ksr1,2.0589346666666666,protein_coding,1.1618765061485576,MM,True,False,True
ENSMUSG00000020250,10090.ENSMUSP00000020484,Txnrd1,26.410449333333336,protein_coding,4.077840664810509,MM,True,False,True
ENSMUSG00000006262,10090.ENSMUSP00000006424,Mob1b,6.603056666666666,protein_coding,2.3144668361222456,MM,True,False,True
ENSMUSG00000036398,10090.ENSMUSP00000047202,Ppp1r11,612.8365683333333,protein_coding,8.529533460119257,MM,True,False,True
ENSMUSG00000020448,10090.ENSMUSP00000067053,Rnf185,17.00126366666667,protein_coding,3.4891175913162167,MM,True,False,False
ENSMUSG00000006058,10090.ENSMUSP00000006217,Snf8,62.325146,protein_coding,5.266113250833777,MM,True,False,True
ENSMUSG00000075600,10090.ENSMUSP00000098106,Zc3h3,7.442889000000001,protein_coding,2.4525450071406807,MM,True,True,False
ENSMUSG00000031708,10090.ENSMUSP00000128329,Tecr,17.810163333333335,protein_coding,3.5491241044032513,MM,True,False,True
ENSMUSG00000022841,10090.ENSMUSP00000007216,Ap2m1,28.052564,protein_coding,4.159559707898737,MM,True,False,True
ENSMUSG00000037805,10090.ENSMUSP00000048469,Rpl10a,91.01348633333332,protein_coding,5.800416600241777,MM,True,False,True
ENSMUSG00000026609,10090.ENSMUSP00000050454,Ush2a,3.1680856666666664,protein_coding,1.5389703280118268,MM,True,False,True
ENSMUSG00000029458,10090.ENSMUSP00000031414,Brap,141.18165566666667,protein_coding,6.424896475892608,MM,True,False,True
ENSMUSG00000020628,10090.ENSMUSP00000020954,Trappc12,29.718395333333333,protein_coding,4.238246078733142,MM,True,False,True
ENSMUSG00000025078,10090.ENSMUSP00000071370,Nhlrc2,1.076959,protein_coding,0.7205656621223617,MM,True,False,True
ENSMUSG00000040875,10090.ENSMUSP00000138287,Osbpl10,13.514492333333333,protein_coding,3.1894307218466795,MM,True,False,False
ENSMUSG00000029007,10090.ENSMUSP00000030865,Agtrap,8.511630333333335,protein_coding,2.6133883978177788,MM,True,False,False
ENSMUSG00000022200,10090.ENSMUSP00000057375,Golph3,27.95196533333333,protein_coding,4.155371727733595,MM,True,False,True
ENSMUSG00000004455,10090.ENSMUSP00000099587,Ppp1cc,1006.62616,protein_coding,9.244105575540607,MM,True,False,True
ENSMUSG00000020857,10090.ENSMUSP00000021217,Nme2,60.678032,protein_coding,5.228581453454709,MM,True,False,True
ENSMUSG00000040554,10090.ENSMUSP00000036279,Aipl1,1.1368286666666665,protein_coding,0.7518675792535643,MM,True,True,False
ENSMUSG00000028426,10090.ENSMUSP00000030134,Rad23b,176.704549,protein_coding,6.7456663562479395,MM,True,False,True
ENSMUSG00000001403,10090.ENSMUSP00000085581,Ube2c,28.62143,protein_coding,4.187025150666163,MM,True,False,True
ENSMUSG00000000384,10090.ENSMUSP00000000394,Tbrg4,44.27205166666667,protein_coding,4.78763216908722,MM,True,False,False
ENSMUSG00000022100,10090.ENSMUSP00000129504,Xpo7,2.8124640000000003,protein_coding,1.4286701924939353,MM,True,False,True
ENSMUSG00000022517,10090.ENSMUSP00000023159,Mgrn1,7.121568000000001,protein_coding,2.4008696930780418,MM,True,False,True
ENSMUSG00000018593,10090.ENSMUSP00000018737,Sparc,54.19865533333333,protein_coding,5.070550033450421,MM,True,False,True
ENSMUSG00000021606,10090.ENSMUSP00000022097,Ndufs6,147.20096333333333,protein_coding,6.4841852909155415,MM,True,False,True
ENSMUSG00000057440,10090.ENSMUSP00000111535,Mpp7,2.6297976666666667,protein_coding,1.3681950676867378,MM,True,False,True
ENSMUSG00000032312,10090.ENSMUSP00000034863,Csk,2.499661333333333,protein_coding,1.3233837128659374,MM,True,False,False
ENSMUSG00000024941,10090.ENSMUSP00000025890,Scyl1,17.866249666666665,protein_coding,3.553531183478153,MM,True,False,True
ENSMUSG00000036513,10090.ENSMUSP00000124819,Commd2,10.137448999999998,protein_coding,2.8277558291265192,MM,True,False,True
ENSMUSG00000037573,10090.ENSMUSP00000036039,Tob1,30.59030066666667,protein_coding,4.278104372001087,MM,True,False,True
ENSMUSG00000020832,10090.ENSMUSP00000021183,Eral1,14.505755333333333,protein_coding,3.2815428213147944,MM,True,False,True
ENSMUSG00000036678,10090.ENSMUSP00000044604,Aaas,17.413431333333335,protein_coding,3.519868826412443,MM,True,True,False
ENSMUSG00000024403,10090.ENSMUSP00000069482,Atp6v1g2,8.671426,protein_coding,2.635536171502327,MM,True,False,True
ENSMUSG00000026775,10090.ENSMUSP00000028117,Yme1l1,82.82667766666667,protein_coding,5.667681390475762,MM,True,False,True
ENSMUSG00000028457,10090.ENSMUSP00000103575,Atp8b5,65.67325100000001,protein_coding,5.340489076150391,MM,True,False,True
ENSMUSG00000025257,10090.ENSMUSP00000026288,Ribc1,14.239206,protein_coding,3.2577496843192306,MM,True,False,True
ENSMUSG00000031660,10090.ENSMUSP00000034085,Brd7,90.86645500000002,protein_coding,5.798527341226451,MM,True,True,True
ENSMUSG00000038291,10090.ENSMUSP00000106007,Snx25,71.01425433333333,protein_coding,5.450281122980121,MM,True,False,True
ENSMUSG00000043991,10090.ENSMUSP00000059404,Pura,5.992827000000001,protein_coding,2.2033482901319275,MM,True,False,False
ENSMUSG00000024740,10090.ENSMUSP00000025649,Ddb1,147.52350366666667,protein_coding,6.487562189817951,MM,True,True,True
ENSMUSG00000057193,10090.ENSMUSP00000034697,Slc44a2,6.720161666666668,protein_coding,2.334004129967373,MM,True,False,True
ENSMUSG00000028678,10090.ENSMUSP00000064261,Kif2c,89.80950899999998,protein_coding,5.781799484862661,MM,True,False,True
ENSMUSG00000028127,10090.ENSMUSP00000029770,Abcd3,3.233286,protein_coding,1.5584998182401861,MM,True,False,False
ENSMUSG00000028811,10090.ENSMUSP00000101669,Yars,31.986042,protein_coding,4.339000807126012,MM,True,False,True
ENSMUSG00000059395,10090.ENSMUSP00000065168,Nkapl,290.37609833333335,protein_coding,7.457147216065557,MM,True,False,True
ENSMUSG00000030345,10090.ENSMUSP00000077606,Dyrk4,7.753500333333334,protein_coding,2.5018212654209107,MM,True,False,True
ENSMUSG00000007338,10090.ENSMUSP00000007482,Mrpl49,8.463672333333333,protein_coding,2.608081010347749,MM,True,False,True
ENSMUSG00000047676,10090.ENSMUSP00000087466,Rpsa-ps10,11.475217333333333,processed_pseudogene,2.981671300603779,MM,True,False,True
ENSMUSG00000032420,10090.ENSMUSP00000034992,Nt5e,1.3581519999999998,protein_coding,0.8618010979957229,MM,True,False,False
ENSMUSG00000021693,10090.ENSMUSP00000112715,Kif2a,200.84059166666665,protein_coding,6.928853600179677,MM,True,False,True
ENSMUSG00000022553,10090.ENSMUSP00000125387,Maf1,45.45088300000001,protein_coding,4.823912673108965,MM,True,False,True
ENSMUSG00000039841,10090.ENSMUSP00000110976,Zfp800,44.203364,protein_coding,4.787483346621097,MM,True,True,False
ENSMUSG00000048647,10090.ENSMUSP00000054980,Exd1,13.645668,protein_coding,3.203044346737833,MM,True,True,False
ENSMUSG00000029726,10090.ENSMUSP00000031740,Mepce,67.50520566666667,protein_coding,5.3781506268910135,MM,True,False,False
ENSMUSG00000036636,10090.ENSMUSP00000035964,Clcn7,3.6569833333333333,protein_coding,1.6773191028266345,MM,True,True,False
ENSMUSG00000031700,10090.ENSMUSP00000034136,Gpt2,14.791564000000001,protein_coding,3.3071163446735627,MM,True,False,True
ENSMUSG00000002968,10090.ENSMUSP00000003049,Med25,18.029584666666672,protein_coding,3.5653587377989044,MM,True,False,True
ENSMUSG00000028086,10090.ENSMUSP00000103306,Fbxw7,37.421146,protein_coding,4.555129934780569,MM,True,False,False
ENSMUSG00000028745,10090.ENSMUSP00000099565,Capzb,160.7066803333333,protein_coding,6.609790670638744,MM,True,False,True
ENSMUSG00000024491,10090.ENSMUSP00000089540,Rbm27,61.541842,protein_coding,5.249077958264677,MM,True,False,False
ENSMUSG00000031605,10090.ENSMUSP00000034017,Klhl2,1.2735403333333335,protein_coding,0.8203527222278734,MM,True,False,True
ENSMUSG00000030094,10090.ENSMUSP00000032182,Xpc,2.998321333333333,protein_coding,1.4870050277108111,MM,True,False,True
ENSMUSG00000020530,10090.ENSMUSP00000018547,Ggnbp2,793.4246213333334,protein_coding,8.902091845089473,MM,True,False,False
ENSMUSG00000042410,10090.ENSMUSP00000041967,Agps,1.096761,protein_coding,0.730907133149745,MM,True,False,True
ENSMUSG00000058905,10090.ENSMUSP00000032597,Gm10051,34.93986266666666,processed_pseudogene,4.459577760614555,MM,True,False,True
ENSMUSG00000026643,10090.ENSMUSP00000080600,Nmt2,9.996370666666667,protein_coding,2.8100280250957725,MM,True,False,True
ENSMUSG00000064302,10090.ENSMUSP00000140019,Clasp1,8.928073666666668,protein_coding,2.6714894932016797,MM,True,False,True
ENSMUSG00000043940,10090.ENSMUSP00000052607,Wdfy3,8.741481666666665,protein_coding,2.6456362616838534,MM,True,False,True
ENSMUSG00000032228,10090.ENSMUSP00000139365,Tcf12,2.462371,protein_coding,1.3112934580063205,MM,True,False,True
ENSMUSG00000069014,10090.ENSMUSP00000137195,Gm5641,38.317009000000006,transcribed_processed_pseudogene,4.588014937459627,MM,True,False,True
ENSMUSG00000022307,10090.ENSMUSP00000105926,Oxr1,49.371464,protein_coding,4.940342275533645,MM,True,False,False
ENSMUSG00000015968,10090.ENSMUSP00000107869,Cacna1d,2.720167333333334,protein_coding,1.3980790641688952,MM,True,False,True
ENSMUSG00000064354,10090.ENSMUSP00000080994,mt-Co2,3557.665039333333,protein_coding,11.064409580469723,MM,True,False,True
ENSMUSG00000049516,10090.ENSMUSP00000059457,Spty2d1,11.216218333333332,protein_coding,2.9539293405659848,MM,True,False,False
ENSMUSG00000023030,10090.ENSMUSP00000023774,Slc11a2,3.4214816666666663,protein_coding,1.6127516324170403,MM,True,False,False
ENSMUSG00000038515,10090.ENSMUSP00000130324,Grtp1,181.538203,protein_coding,6.783573272734448,MM,True,False,False
ENSMUSG00000031826,10090.ENSMUSP00000123590,Usp10,9.749234333333334,protein_coding,2.7783612500395063,MM,True,False,True
ENSMUSG00000027646,10090.ENSMUSP00000029175,Src,1.217828666666667,protein_coding,0.7923012066435,MM,True,False,True
ENSMUSG00000027411,10090.ENSMUSP00000028900,Vps16,23.47754166666667,protein_coding,3.918647269932201,MM,True,True,True
ENSMUSG00000064358,10090.ENSMUSP00000080997,mt-Co3,939.3792116666667,protein_coding,9.145250133602593,MM,True,False,True
ENSMUSG00000061099,10090.ENSMUSP00000074317,Gapdhs,224.9081063333333,protein_coding,7.090339459938303,MM,True,False,True
ENSMUSG00000036833,10090.ENSMUSP00000044078,Pnpla7,70.70653533333333,protein_coding,5.443657127238948,MM,True,True,True
ENSMUSG00000023912,10090.ENSMUSP00000024705,Slc25a27,1.9803793333333333,protein_coding,1.131441102766981,MM,True,False,False
ENSMUSG00000038622,10090.ENSMUSP00000042204,Med30,52.096303000000006,protein_coding,5.015628308304062,MM,True,False,True
ENSMUSG00000006932,10090.ENSMUSP00000007130,Ctnnb1,36.762860666666654,protein_coding,4.530574469392983,MM,True,False,True
ENSMUSG00000070934,10090.ENSMUSP00000088591,Rraga,18.780828000000003,protein_coding,3.620131361941586,MM,True,False,False
ENSMUSG00000035455,10090.ENSMUSP00000126340,Fignl1,78.03627533333334,protein_coding,5.58341370798678,MM,True,True,False
ENSMUSG00000024056,10090.ENSMUSP00000024851,Ndc80,133.9397153333333,protein_coding,6.3502387941138805,MM,True,False,True
ENSMUSG00000021831,10090.ENSMUSP00000022378,Ero1l,5.988551666666668,protein_coding,2.2025085173412644,MM,True,False,True
ENSMUSG00000019102,10090.ENSMUSP00000019246,Aldh3a1,4.361118,protein_coding,1.857166222793083,MM,True,False,True
ENSMUSG00000024260,10090.ENSMUSP00000136842,Sap130,16.626046,protein_coding,3.459541084435265,MM,True,False,True
ENSMUSG00000025130,10090.ENSMUSP00000026122,P4hb,61.278796,protein_coding,5.242403604043183,MM,True,False,True
ENSMUSG00000025616,10090.ENSMUSP00000026710,Usp16,120.88024399999999,protein_coding,6.204330192427038,MM,True,False,False
ENSMUSG00000074513,10090.ENSMUSP00000122964,Arfip1,4.730109666666666,protein_coding,1.9434759190624773,MM,True,False,True
ENSMUSG00000008690,10090.ENSMUSP00000074139,Ncaph2,26.32776633333333,protein_coding,4.072907694294306,MM,True,False,True
ENSMUSG00000019792,10090.ENSMUSP00000019927,Trmt11,2.237765,protein_coding,1.2305746060454252,MM,True,False,True
ENSMUSG00000000838,10090.ENSMUSP00000085906,Fmr1,4.220526666666667,protein_coding,1.8235006030235545,MM,True,False,True
ENSMUSG00000029684,10090.ENSMUSP00000031695,Wasl,5.5768233333333335,protein_coding,2.122775741129063,MM,True,False,True
ENSMUSG00000023988,10090.ENSMUSP00000024783,Bysl,20.402792666666667,protein_coding,3.7297991259862138,MM,True,False,True
ENSMUSG00000014786,10090.ENSMUSP00000072893,Slc9a5,24.566073,protein_coding,3.979224799957483,MM,True,False,True
ENSMUSG00000030170,10090.ENSMUSP00000112448,Wnt5b,4.131033333333334,protein_coding,1.8005742842140322,MM,True,True,True
ENSMUSG00000090460,10090.ENSMUSP00000129583,Gm17511,7.128089666666665,processed_pseudogene,2.4003047479053663,MM,True,False,True
ENSMUSG00000034602,10090.ENSMUSP00000073462,Mon2,14.590584333333332,protein_coding,3.28939765681633,MM,True,False,True
ENSMUSG00000020841,10090.ENSMUSP00000021201,Cpd,5.512699333333333,protein_coding,2.10999478229389,MM,True,False,True
ENSMUSG00000028393,10090.ENSMUSP00000030090,Alad,6.3224376666666675,protein_coding,2.26305985314689,MM,True,False,True
ENSMUSG00000027374,10090.ENSMUSP00000028852,Mrps5,29.95610833333333,protein_coding,4.249821464796943,MM,True,False,True
ENSMUSG00000024019,10090.ENSMUSP00000024816,Cmtr1,16.452975,protein_coding,3.4456313679286765,MM,True,False,False
ENSMUSG00000030629,10090.ENSMUSP00000069228,Zfand6,34.581885,protein_coding,4.447287939343392,MM,True,False,False
ENSMUSG00000028180,10090.ENSMUSP00000101673,Zranb2,85.31559,protein_coding,5.709890926008364,MM,True,False,False
ENSMUSG00000028884,10090.ENSMUSP00000099621,Rpa2,16.316956666666666,protein_coding,3.435203234098888,MM,True,False,True
ENSMUSG00000022503,10090.ENSMUSP00000023146,Nubp1,18.022946666666666,protein_coding,3.5656209362610105,MM,True,False,True
ENSMUSG00000004508,10090.ENSMUSP00000004622,Gab2,9.291577333333333,protein_coding,2.720058942883657,MM,True,False,True
ENSMUSG00000014956,10090.ENSMUSP00000015100,Ppp1cb,31.85826933333333,protein_coding,4.333946878210666,MM,True,False,True
ENSMUSG00000073838,10090.ENSMUSP00000095656,Tufm,51.23273333333333,protein_coding,4.991372485867641,MM,True,False,True
ENSMUSG00000010097,10090.ENSMUSP00000010241,Nxf1,99.40160366666667,protein_coding,5.92578363092392,MM,True,False,True
ENSMUSG00000040713,10090.ENSMUSP00000107060,Creg1,8.000876666666667,protein_coding,2.5388846833501835,MM,True,False,False
ENSMUSG00000053291,10090.ENSMUSP00000090727,Rab4b,49.72500866666667,protein_coding,4.949109812276012,MM,True,False,True
ENSMUSG00000027454,10090.ENSMUSP00000028948,Gins1,69.622027,protein_coding,5.422711890563004,MM,True,False,True
ENSMUSG00000052133,10090.ENSMUSP00000057494,Sema5b,15.312796,protein_coding,3.351518652975568,MM,True,True,False
ENSMUSG00000019254,10090.ENSMUSP00000013886,Ppp1r12c,83.16443133333333,protein_coding,5.672394658444794,MM,True,False,True
ENSMUSG00000073910,10090.ENSMUSP00000100040,Mob3b,1.058649,protein_coding,0.7107910815978862,MM,True,True,True
ENSMUSG00000051154,10090.ENSMUSP00000049882,Commd3,55.279025666666676,protein_coding,5.098505967301337,MM,True,False,True
ENSMUSG00000022972,10090.ENSMUSP00000023694,Cfap298,902.5712686666666,protein_coding,9.086730860021381,MM,True,True,True
ENSMUSG00000039298,10090.ENSMUSP00000119891,Cdk5rap2,96.12132,protein_coding,5.878345648265196,MM,True,False,True
ENSMUSG00000037353,10090.ENSMUSP00000037546,Letmd1,11.942450333333333,protein_coding,3.031933224482972,MM,True,False,False
ENSMUSG00000057229,10090.ENSMUSP00000083115,Dmac2,43.612766,protein_coding,4.76692613446809,MM,True,True,True
ENSMUSG00000072889,10090.ENSMUSP00000084467,Nfxl1,18.520385666666666,protein_coding,3.6017427437774767,MM,True,False,True
ENSMUSG00000046186,10090.ENSMUSP00000091330,Cd109,2.3215646666666667,protein_coding,1.2606401513131313,MM,True,False,False
ENSMUSG00000023886,10090.ENSMUSP00000024660,Smoc2,38.58253466666667,protein_coding,4.597800321091225,MM,True,False,False
ENSMUSG00000023723,10090.ENSMUSP00000024486,Mrps23,29.93290566666667,protein_coding,4.248703348176574,MM,True,False,True
ENSMUSG00000043241,10090.ENSMUSP00000058375,Upf2,62.54807933333333,protein_coding,5.271859644484224,MM,True,False,True
ENSMUSG00000026799,10090.ENSMUSP00000028139,Med27,22.041072333333336,protein_coding,3.8334010257901725,MM,True,False,True
ENSMUSG00000035620,10090.ENSMUSP00000046981,Ric8b,1.4633523333333331,protein_coding,0.9105257072924126,MM,True,False,False
ENSMUSG00000002812,10090.ENSMUSP00000002889,Flii,9.386418333333333,protein_coding,2.7324377392802046,MM,True,False,True
ENSMUSG00000047260,10090.ENSMUSP00000104120,Emc6,37.078188333333344,protein_coding,4.5423940158193385,MM,True,False,True
ENSMUSG00000027115,10090.ENSMUSP00000028527,Kif18a,21.58075466666667,protein_coding,3.805701092519829,MM,True,True,True
ENSMUSG00000029376,10090.ENSMUSP00000071578,Mthfd2l,3.330293333333333,protein_coding,1.5873405057213328,MM,True,False,True
ENSMUSG00000030323,10090.ENSMUSP00000045468,Ift122,165.229655,protein_coding,6.649298395342767,MM,True,True,True
ENSMUSG00000046364,10090.ENSMUSP00000123410,Rpl27a,275.1518556666667,protein_coding,7.379386078753873,MM,True,False,True
ENSMUSG00000036282,10090.ENSMUSP00000041450,Naa30,29.873832,protein_coding,4.246294395154358,MM,True,False,True
ENSMUSG00000031781,10090.ENSMUSP00000125451,Ciapin1,139.23719766666667,protein_coding,6.405278780741454,MM,True,True,True
ENSMUSG00000024683,10090.ENSMUSP00000128915,Mrpl16,50.76288333333333,protein_coding,4.978623629796494,MM,True,False,True
ENSMUSG00000032633,10090.ENSMUSP00000099758,Flcn,13.615375,protein_coding,3.199858725070296,MM,True,False,True
ENSMUSG00000063931,10090.ENSMUSP00000075683,Pepd,3.653464666666667,protein_coding,1.6755759888525508,MM,True,False,False
ENSMUSG00000030357,10090.ENSMUSP00000032508,Fkbp4,284.62760933333334,protein_coding,7.427446486475449,MM,True,False,True
ENSMUSG00000000916,10090.ENSMUSP00000000940,Nsun5,7.226800999999999,protein_coding,2.417861244148781,MM,True,False,False
ENSMUSG00000032279,10090.ENSMUSP00000127526,Idh3a,33.627453,protein_coding,4.408510363230398,MM,True,False,True
ENSMUSG00000051732,10090.ENSMUSP00000066639,Pabpc2,1124.994873,protein_coding,9.404766422203693,MM,True,False,True
ENSMUSG00000029198,10090.ENSMUSP00000031099,Grpel1,37.64731233333333,protein_coding,4.563427583258719,MM,True,False,True
ENSMUSG00000053093,10090.ENSMUSP00000099867,Myh7,1.89241,protein_coding,1.096350247474017,MM,True,True,True
ENSMUSG00000025979,10090.ENSMUSP00000125415,Mob4,10.466235666666668,protein_coding,2.8675816718021863,MM,True,True,True
ENSMUSG00000066278,10090.ENSMUSP00000047980,Vps37b,3.9505879999999998,protein_coding,1.7555218635180394,MM,True,False,True
ENSMUSG00000022498,10090.ENSMUSP00000041113,Txndc11,5.9680756666666674,protein_coding,2.198386654709556,MM,True,False,False
ENSMUSG00000012819,10090.ENSMUSP00000101101,Cdh23,1.295888,protein_coding,0.8312422075652048,MM,True,False,False
ENSMUSG00000025261,10090.ENSMUSP00000026292,Huwe1,2.5528326666666667,protein_coding,1.3422600323998493,MM,True,False,True
ENSMUSG00000040446,10090.ENSMUSP00000043618,Rprd1a,7.316682666666668,protein_coding,2.4337189376403856,MM,True,False,True
ENSMUSG00000064370,10090.ENSMUSP00000081003,mt-Cytb,773.5933836666667,protein_coding,8.865627092011819,MM,True,False,True
ENSMUSG00000042185,10090.ENSMUSP00000083341,Nfrkb,18.055903,protein_coding,3.568568251394826,MM,True,False,True
ENSMUSG00000024312,10090.ENSMUSP00000025170,Wdr46,34.45970233333333,protein_coding,4.440769812667118,MM,True,False,True
ENSMUSG00000027680,10090.ENSMUSP00000001620,Fxr1,635.4800413333332,protein_coding,8.582449403872882,MM,True,True,True
ENSMUSG00000037936,10090.ENSMUSP00000083242,Scarb1,24.91780966666667,protein_coding,3.99866004597533,MM,True,False,False
ENSMUSG00000050150,10090.ENSMUSP00000077644,Slc9b1,289.0494893333333,protein_coding,7.4507690078348325,MM,True,True,True
ENSMUSG00000074182,10090.ENSMUSP00000096136,Znhit6,56.336445,protein_coding,5.124812481565967,MM,True,False,False
ENSMUSG00000031703,10090.ENSMUSP00000034140,Itfg1,47.25128433333333,protein_coding,4.879289444922,MM,True,False,True
ENSMUSG00000040118,10090.ENSMUSP00000049457,Cacna2d1,2.714679333333333,protein_coding,1.3968017619621875,MM,True,False,False
ENSMUSG00000059439,10090.ENSMUSP00000103696,Bcas3,27.02295033333333,protein_coding,4.108903577882536,MM,True,False,True
ENSMUSG00000027304,10090.ENSMUSP00000028767,Rtf1,20.231167666666664,protein_coding,3.718960355049322,MM,True,False,True
ENSMUSG00000067144,10090.ENSMUSP00000084234,Slc22a7,1.3874126666666668,protein_coding,0.8756634372296518,MM,True,False,True
ENSMUSG00000030275,10090.ENSMUSP00000032413,Etnk1,44.881372999999996,protein_coding,4.807493190881199,MM,True,False,True
ENSMUSG00000029390,10090.ENSMUSP00000054834,Tmed2,25.98279833333333,protein_coding,4.055752641293259,MM,True,False,True
ENSMUSG00000030706,10090.ENSMUSP00000116090,Mrpl48,103.19980100000001,protein_coding,5.979035850942935,MM,True,False,True
ENSMUSG00000025470,10090.ENSMUSP00000129154,Zfp511,19.932155666666667,protein_coding,3.6986398510967446,MM,True,True,False
ENSMUSG00000025786,10090.ENSMUSP00000117392,Zdhhc3,3.8019763333333336,protein_coding,1.7166548481212327,MM,True,False,False
ENSMUSG00000032570,10090.ENSMUSP00000039103,Atp2c1,6.582497,protein_coding,2.309376062775624,MM,True,False,True
ENSMUSG00000042369,10090.ENSMUSP00000040420,Rbm45,13.781563666666665,protein_coding,3.2159034469450423,MM,True,True,True
ENSMUSG00000053477,10090.ENSMUSP00000110636,Tcf4,12.441080333333332,protein_coding,3.0850423458056886,MM,True,False,False
ENSMUSG00000000959,10090.ENSMUSP00000000985,Oxa1l,9.362644666666666,protein_coding,2.7302381551360706,MM,True,False,True
ENSMUSG00000035199,10090.ENSMUSP00000041503,Arl6ip5,8.036475999999999,protein_coding,2.5444466434767596,MM,True,False,True
ENSMUSG00000039911,10090.ENSMUSP00000048969,Spsb1,5.615170666666668,protein_coding,2.1296855963464822,MM,True,False,True
ENSMUSG00000022992,10090.ENSMUSP00000112101,Kansl2,12.430287,protein_coding,3.08321438962564,MM,True,False,True
ENSMUSG00000030335,10090.ENSMUSP00000032485,Mrpl51,197.71400433333332,protein_coding,6.905902905158304,MM,True,False,True
ENSMUSG00000024002,10090.ENSMUSP00000113070,Brd4,9.513855,protein_coding,2.7484243779724746,MM,True,False,False
ENSMUSG00000029617,10090.ENSMUSP00000031621,Ccz1,121.98729966666669,protein_coding,6.21707027211297,MM,True,True,True
ENSMUSG00000037148,10090.ENSMUSP00000075658,Arhgap10,16.828437666666666,protein_coding,3.4754369942244185,MM,True,False,True
ENSMUSG00000032127,10090.ENSMUSP00000034644,Vps11,25.65111733333333,protein_coding,4.037889009210678,MM,True,False,True
ENSMUSG00000034121,10090.ENSMUSP00000043790,Mks1,12.441638666666668,protein_coding,3.084485896579882,MM,True,False,False
ENSMUSG00000045969,10090.ENSMUSP00000062593,Ing1,32.09040566666667,protein_coding,4.343239261133873,MM,True,False,True
ENSMUSG00000030551,10090.ENSMUSP00000032768,Nr2f2,2.9046963333333333,protein_coding,1.4571913420530913,MM,True,True,True
ENSMUSG00000020792,10090.ENSMUSP00000021147,Exoc7,69.99804166666667,protein_coding,5.429605263894891,MM,True,False,True
ENSMUSG00000029202,10090.ENSMUSP00000031104,Pds5a,15.565929999999998,protein_coding,3.3728334931065143,MM,True,False,True
ENSMUSG00000028521,10090.ENSMUSP00000122124,Slc35d1,10.220910333333334,protein_coding,2.837749524376937,MM,True,False,True
ENSMUSG00000053119,10090.ENSMUSP00000109815,Chmp3,97.135427,protein_coding,5.893263422576579,MM,True,False,True
ENSMUSG00000021266,10090.ENSMUSP00000124625,Wars,23.55623933333333,protein_coding,3.9224064975113313,MM,True,False,True
ENSMUSG00000029776,10090.ENSMUSP00000031788,Hibadh,30.53908366666667,protein_coding,4.2758159271999165,MM,True,False,True
ENSMUSG00000032050,10090.ENSMUSP00000000590,Rdx,198.10057566666669,protein_coding,6.909410225024884,MM,True,False,False
ENSMUSG00000078676,10090.ENSMUSP00000017384,Casc3,24.127945666666665,protein_coding,3.9553041539448985,MM,True,True,True
ENSMUSG00000058076,10090.ENSMUSP00000106968,Sdhc,22.392664,protein_coding,3.854846878738464,MM,True,True,True
ENSMUSG00000017837,10090.ENSMUSP00000017981,Nkiras2,117.95719666666666,protein_coding,6.168400102067075,MM,True,False,True
ENSMUSG00000020549,10090.ENSMUSP00000071788,Elac2,42.548472,protein_coding,4.732521006873806,MM,True,True,True
ENSMUSG00000039182,10090.ENSMUSP00000041523,AW209491,10.972995333333332,protein_coding,2.925815399926939,MM,True,False,False
ENSMUSG00000031834,10090.ENSMUSP00000034296,Pik3r2,6.210467333333333,protein_coding,2.242788857879953,MM,True,False,True
ENSMUSG00000015755,10090.ENSMUSP00000121266,Tab2,15.000557999999998,protein_coding,3.3256108228309684,MM,True,False,False
ENSMUSG00000049091,10090.ENSMUSP00000081009,Sephs2,213.1953733333333,protein_coding,7.013777087318014,MM,True,False,True
ENSMUSG00000041890,10090.ENSMUSP00000107803,Git2,10.808191,protein_coding,2.9067701095116254,MM,True,False,True
ENSMUSG00000054309,10090.ENSMUSP00000068148,Cpsf3,58.79341666666667,protein_coding,5.18434873748632,MM,True,False,True
ENSMUSG00000007891,10090.ENSMUSP00000121203,Ctsd,25.169623,protein_coding,4.012227475410238,MM,True,False,True
ENSMUSG00000029148,10090.ENSMUSP00000031034,Nrbp1,33.52980433333333,protein_coding,4.403731591937623,MM,True,False,True
ENSMUSG00000022807,10090.ENSMUSP00000039632,Osbpl11,4.7897810000000005,protein_coding,1.9566549245368292,MM,True,False,False
ENSMUSG00000030521,10090.ENSMUSP00000032735,Mphosph10,93.09060166666666,protein_coding,5.833306606026699,MM,True,True,True
ENSMUSG00000023942,10090.ENSMUSP00000131976,Slc29a1,36.13422166666667,protein_coding,4.505916350232879,MM,True,False,False
ENSMUSG00000024533,10090.ENSMUSP00000049336,Spire1,1.5390183333333336,protein_coding,0.9459437435722746,MM,True,False,True
ENSMUSG00000005871,10090.ENSMUSP00000078337,Apc,1.866065,protein_coding,1.0857935546592223,MM,True,False,True
ENSMUSG00000061904,10090.ENSMUSP00000075987,Slc25a3,136.71434566666667,protein_coding,6.379401946783098,MM,True,False,False
ENSMUSG00000009090,10090.ENSMUSP00000009234,Ap1b1,33.391973,protein_coding,4.397938624481428,MM,True,False,True
ENSMUSG00000035441,10090.ENSMUSP00000037819,Myo1d,1.5433896666666664,protein_coding,0.9472125512906824,MM,True,False,False
ENSMUSG00000004056,10090.ENSMUSP00000103981,Akt2,17.936230333333327,protein_coding,3.5588891572064196,MM,True,False,True
ENSMUSG00000049832,10090.ENSMUSP00000023036,Rbx1-ps,2.711924666666667,processed_pseudogene,1.3940662827359585,MM,True,False,True
ENSMUSG00000057363,10090.ENSMUSP00000119939,Uxs1,8.369665666666668,protein_coding,2.593092062046116,MM,True,False,True
ENSMUSG00000000827,10090.ENSMUSP00000117690,Tpd52l2,9.128953666666668,protein_coding,2.697555071310382,MM,True,False,False
ENSMUSG00000035798,10090.ENSMUSP00000043279,Zdhhc17,10.054005,protein_coding,2.817149443683178,MM,True,False,True
ENSMUSG00000017774,10090.ENSMUSP00000104069,Myo1c,26.496047333333333,protein_coding,4.081855177213556,MM,True,False,False
ENSMUSG00000057594,10090.ENSMUSP00000076188,Arl16,4.2649550000000005,protein_coding,1.8342170205903254,MM,True,True,False
ENSMUSG00000035337,10090.ENSMUSP00000045208,Uchl4,121.20890533333332,protein_coding,6.208294897415331,MM,True,False,False
ENSMUSG00000013997,10090.ENSMUSP00000106926,Nit1,93.80774433333332,protein_coding,5.8435338023685075,MM,True,True,False
ENSMUSG00000034932,10090.ENSMUSP00000039951,Mrpl54,193.32065333333333,protein_coding,6.873205776424969,MM,True,True,True
ENSMUSG00000022451,10090.ENSMUSP00000023087,Twf1,12.407632333333336,protein_coding,3.0815237025046023,MM,True,False,False
ENSMUSG00000025794,10090.ENSMUSP00000131489,Rpl14,96.00264233333333,protein_coding,5.876174424429639,MM,True,False,True
ENSMUSG00000019984,10090.ENSMUSP00000090316,Med23,15.508059333333335,protein_coding,3.368536679941198,MM,True,True,True
ENSMUSG00000031951,10090.ENSMUSP00000034429,Tmem231,18.819989,protein_coding,3.623113330505041,MM,True,False,True
ENSMUSG00000046139,10090.ENSMUSP00000060398,Patl1,1.4261986666666668,protein_coding,0.8937885486123089,MM,True,False,True
ENSMUSG00000007850,10090.ENSMUSP00000076989,Hnrnph1,505.4559733333333,protein_coding,8.253479688329225,MM,True,False,True
ENSMUSG00000024335,10090.ENSMUSP00000109880,Brd2,151.59202566666667,protein_coding,6.52574703934728,MM,True,False,True
ENSMUSG00000027167,10090.ENSMUSP00000116575,Elp4,3.4247753333333333,protein_coding,1.613374173688134,MM,True,False,True
ENSMUSG00000050552,10090.ENSMUSP00000056693,Lamtor4,9.503746000000001,protein_coding,2.7475079235710274,MM,True,False,False
ENSMUSG00000024290,10090.ENSMUSP00000069549,Rock1,24.92386,protein_coding,3.9999628501243905,MM,True,False,True
ENSMUSG00000031634,10090.ENSMUSP00000034051,Ufsp2,86.12230900000002,protein_coding,5.7227104695286055,MM,True,False,True
ENSMUSG00000033916,10090.ENSMUSP00000005711,Chmp2a,383.1344603333334,protein_coding,7.854693435752599,MM,True,False,True
ENSMUSG00000034354,10090.ENSMUSP00000122422,Mtmr3,17.713309666666664,protein_coding,3.5427340812255492,MM,True,False,True
ENSMUSG00000019907,10090.ENSMUSP00000069257,Ppp1r12a,51.88034333333334,protein_coding,5.0095447558698485,MM,True,False,True
ENSMUSG00000032959,10090.ENSMUSP00000048425,Pebp1,521.1912946666666,protein_coding,8.296492622344262,MM,True,False,False
ENSMUSG00000004631,10090.ENSMUSP00000111242,Sgce,2.2553113333333337,protein_coding,1.2369788943023952,MM,True,False,True
ENSMUSG00000022330,10090.ENSMUSP00000022952,Osr2,13.850136,protein_coding,3.2213803765493334,MM,True,False,True
ENSMUSG00000032314,10090.ENSMUSP00000034866,Etfa,18.599569,protein_coding,3.607368548360757,MM,True,False,True
ENSMUSG00000038127,10090.ENSMUSP00000097604,Ccdc50,35.164214333333334,protein_coding,4.469789858506846,MM,True,False,False
ENSMUSG00000031105,10090.ENSMUSP00000033431,Slc25a14,1.3012936666666668,protein_coding,0.8346351760470889,MM,True,False,False
ENSMUSG00000026116,10090.ENSMUSP00000027290,Tmem131,26.633534666666666,protein_coding,4.089211854585667,MM,True,False,False
ENSMUSG00000029475,10090.ENSMUSP00000038229,Kdm2b,36.617064,protein_coding,4.524304125813358,MM,True,True,False
ENSMUSG00000027357,10090.ENSMUSP00000028835,Crls1,53.06023933333334,protein_coding,5.040665330002949,MM,True,False,True
ENSMUSG00000054766,10090.ENSMUSP00000099930,Set,154.13387,protein_coding,6.550209705353789,MM,True,False,False
ENSMUSG00000036053,10090.ENSMUSP00000088472,Fmnl2,6.291103666666667,protein_coding,2.2585515872386885,MM,True,False,False
ENSMUSG00000022350,10090.ENSMUSP00000022976,Washc5,1.6776823333333333,protein_coding,1.006814560484235,MM,True,False,True
ENSMUSG00000027531,10090.ENSMUSP00000068174,Impa1,36.23605600000001,protein_coding,4.511387177435929,MM,True,False,True
ENSMUSG00000055116,10090.ENSMUSP00000046235,Arntl,1.353916,protein_coding,0.8595720568172474,MM,True,False,True
ENSMUSG00000042500,10090.ENSMUSP00000081312,Ago4,11.962341666666667,protein_coding,3.0348816692209817,MM,True,True,True
ENSMUSG00000010376,10090.ENSMUSP00000010520,Nedd8,113.85777833333334,protein_coding,6.118510656399261,MM,True,False,True
ENSMUSG00000021963,10090.ENSMUSP00000120071,Sap18,182.76064066666663,protein_coding,6.793008877756598,MM,True,False,True
ENSMUSG00000024603,10090.ENSMUSP00000025505,Dctn4,56.423566,protein_coding,5.126996967031104,MM,True,False,True
ENSMUSG00000020840,10090.ENSMUSP00000021197,Blmh,12.754571333333333,protein_coding,3.116595372048611,MM,True,False,True
ENSMUSG00000015656,10090.ENSMUSP00000015800,Hspa8,180.37772133333337,protein_coding,6.775048758750802,MM,True,True,True
ENSMUSG00000037143,10090.ENSMUSP00000112099,Cfap61,34.59828466666667,protein_coding,4.446550849310242,MM,True,False,True
ENSMUSG00000015714,10090.ENSMUSP00000015858,Cers2,10.853504333333333,protein_coding,2.912691503834451,MM,True,True,True
ENSMUSG00000032307,10090.ENSMUSP00000059798,Ube2q2,44.10580966666666,protein_coding,4.783138028388399,MM,True,False,True
ENSMUSG00000025196,10090.ENSMUSP00000026210,Cpn1,17.637721333333335,protein_coding,3.5368067187107703,MM,True,False,False
ENSMUSG00000066839,10090.ENSMUSP00000137424,Ecsit,6.653815333333332,protein_coding,2.322891781781738,MM,True,False,True
ENSMUSG00000030088,10090.ENSMUSP00000114304,Aldh1l1,14.811596,protein_coding,3.308956001518392,MM,True,False,False
ENSMUSG00000031966,10090.ENSMUSP00000034448,Glb1l3,11.082305,protein_coding,2.9395059356905184,MM,True,False,False
ENSMUSG00000024207,10090.ENSMUSP00000042352,Acsbg2,29.51389833333333,protein_coding,4.228473607870532,MM,True,False,False
ENSMUSG00000026078,10090.ENSMUSP00000027247,Pdcl3,1.625165,protein_coding,0.9836638330862024,MM,True,False,False
ENSMUSG00000033396,10090.ENSMUSP00000037543,Spg11,7.731392666666667,protein_coding,2.497980773139456,MM,True,True,True
ENSMUSG00000061455,10090.ENSMUSP00000103348,Stx17,70.49361400000001,protein_coding,5.439316460243708,MM,True,False,True
ENSMUSG00000029787,10090.ENSMUSP00000031805,Avl9,1.5222266666666666,protein_coding,0.938377639603472,MM,True,False,False
ENSMUSG00000032263,10090.ENSMUSP00000139684,Bckdhb,1.754894,protein_coding,1.039984573598202,MM,True,False,True
ENSMUSG00000036188,10090.ENSMUSP00000039484,Ankmy2,1.1792816666666666,protein_coding,0.7732809872717564,MM,True,False,True
ENSMUSG00000041491,10090.ENSMUSP00000037596,Cep78,11.324445666666668,protein_coding,2.9656537821843743,MM,True,True,False
ENSMUSG00000059291,10090.ENSMUSP00000099595,Rpl11,196.60923799999998,protein_coding,6.897581972240851,MM,True,False,True
ENSMUSG00000022487,10090.ENSMUSP00000023129,Gtsf1,805.3389893333333,protein_coding,8.923308078985038,MM,True,False,True
ENSMUSG00000035049,10090.ENSMUSP00000039853,Rrp12,13.115496666666667,protein_coding,3.1518447489750008,MM,True,False,True
ENSMUSG00000028452,10090.ENSMUSP00000030164,Vcp,125.308848,protein_coding,6.255083279429317,MM,True,False,True
ENSMUSG00000072214,10090.ENSMUSP00000094750,Sept5,71.45477666666666,protein_coding,5.458230370146268,MM,True,False,True
ENSMUSG00000032407,10090.ENSMUSP00000078602,U2surp,26.441201,protein_coding,4.079762778509517,MM,True,True,False
ENSMUSG00000021497,10090.ENSMUSP00000021959,Txndc15,20.982537666666673,protein_coding,3.7679552048469245,MM,True,True,False
ENSMUSG00000012609,10090.ENSMUSP00000048809,Ttll5,185.98918166666667,protein_coding,6.818489373363852,MM,True,False,True
ENSMUSG00000029430,10090.ENSMUSP00000031383,Ran,202.4244843333333,protein_coding,6.9394233321458145,MM,True,True,True
ENSMUSG00000022223,10090.ENSMUSP00000106957,Sdr39u1,49.374204,protein_coding,4.939603174802403,MM,True,False,True
ENSMUSG00000022365,10090.ENSMUSP00000022993,Derl1,15.609702,protein_coding,3.3767243028991976,MM,True,False,True
ENSMUSG00000036646,10090.ENSMUSP00000036996,Man1b1,65.48907466666667,protein_coding,5.33567740011647,MM,True,True,True
ENSMUSG00000071415,10090.ENSMUSP00000099435,Rpl23,234.19503266666663,protein_coding,7.148527164171065,MM,True,False,True
ENSMUSG00000005102,10090.ENSMUSP00000005233,Eif2ak4,2.2810503333333334,protein_coding,1.2461903743712646,MM,True,False,True
ENSMUSG00000009013,10090.ENSMUSP00000009157,Dynll1,138.59674299999998,protein_coding,6.399361640054829,MM,True,False,True
ENSMUSG00000027509,10090.ENSMUSP00000029013,Rae1,44.12815066666667,protein_coding,4.783768174403198,MM,True,False,True
ENSMUSG00000037487,10090.ENSMUSP00000105965,Ubr5,271.17566933333336,protein_coding,7.358819520877839,MM,True,False,False
ENSMUSG00000019715,10090.ENSMUSP00000019859,Gle1,16.066992000000003,protein_coding,3.414725076892446,MM,True,False,True
ENSMUSG00000038542,10090.ENSMUSP00000133204,Pcid2,67.817656,protein_coding,5.384976539681639,MM,True,True,True
ENSMUSG00000026409,10090.ENSMUSP00000127587,Pfkfb2,12.645009,protein_coding,3.1053356877018627,MM,True,False,False
ENSMUSG00000031157,10090.ENSMUSP00000111319,Pqbp1,4.921073666666667,protein_coding,1.985340850664356,MM,True,False,True
ENSMUSG00000020776,10090.ENSMUSP00000099320,Fbf1,48.274724,protein_coding,4.90802953837164,MM,True,True,False
ENSMUSG00000022812,10090.ENSMUSP00000023507,Gsk3b,30.75069566666667,protein_coding,4.285073370224079,MM,True,False,False
ENSMUSG00000035933,10090.ENSMUSP00000044797,Cog5,28.43837533333333,protein_coding,4.178639676442992,MM,True,False,True
ENSMUSG00000029076,10090.ENSMUSP00000053175,Sdf4,204.796356,protein_coding,6.956581114296178,MM,True,False,True
ENSMUSG00000005882,10090.ENSMUSP00000105264,Uqcc1,17.999564000000003,protein_coding,3.5635193692107525,MM,True,True,True
ENSMUSG00000041815,10090.ENSMUSP00000054548,Poldip3,32.23992,protein_coding,4.349478302208191,MM,True,False,True
ENSMUSG00000060288,10090.ENSMUSP00000101924,Ppih,53.88597366666666,protein_coding,5.06250899267805,MM,True,False,True
ENSMUSG00000026502,10090.ENSMUSP00000027783,Desi2,1.8449743333333333,protein_coding,1.0766049268207396,MM,True,False,False
ENSMUSG00000045427,10090.ENSMUSP00000108828,Hnrnph2,3.2407893333333333,protein_coding,1.5604234517235924,MM,True,False,True
ENSMUSG00000025162,10090.ENSMUSP00000018274,Csnk1d,70.34757866666668,protein_coding,5.436506199890878,MM,True,False,False
ENSMUSG00000021039,10090.ENSMUSP00000021428,Snw1,165.630931,protein_coding,6.653087717233285,MM,True,False,True
ENSMUSG00000017478,10090.ENSMUSP00000017622,Zc3h18,23.46754433333333,protein_coding,3.917679789773215,MM,True,False,False
ENSMUSG00000061028,10090.ENSMUSP00000083205,Clasrp,24.31949233333333,protein_coding,3.9656158296019264,MM,True,False,True
ENSMUSG00000038398,10090.ENSMUSP00000037354,Upf3a,230.850586,protein_coding,7.127816311423839,MM,True,False,True
ENSMUSG00000031985,10090.ENSMUSP00000034466,Gnpat,178.23061133333337,protein_coding,6.757811586989404,MM,True,False,True
ENSMUSG00000028691,10090.ENSMUSP00000114159,Prdx1,38.72984666666667,protein_coding,4.603004667872892,MM,True,False,False
ENSMUSG00000004642,10090.ENSMUSP00000062930,Slbp,216.49656133333332,protein_coding,7.035953265508578,MM,True,False,True
ENSMUSG00000033020,10090.ENSMUSP00000043566,Polr2f,46.57553666666666,protein_coding,4.857150012250144,MM,True,False,True
ENSMUSG00000025371,10090.ENSMUSP00000026434,Chmp6,66.82603833333333,protein_coding,5.364031413604008,MM,True,False,True
ENSMUSG00000038855,10090.ENSMUSP00000069851,Itpkb,3.923332,protein_coding,1.747861130274479,MM,True,False,True
ENSMUSG00000033952,10090.ENSMUSP00000059159,Aspm,5.873485333333334,protein_coding,2.180482498732414,MM,True,False,False
ENSMUSG00000027323,10090.ENSMUSP00000028795,Rad51,11.174459,protein_coding,2.949033466549622,MM,True,False,True
ENSMUSG00000061755,10090.ENSMUSP00000058618,Bod1l,13.491566333333333,protein_coding,3.188523412378501,MM,True,True,False
ENSMUSG00000026083,10090.ENSMUSP00000027252,Eif5b,100.59626266666668,protein_coding,5.943032687755353,MM,True,False,False
ENSMUSG00000043445,10090.ENSMUSP00000052866,Pgp,200.47753899999998,protein_coding,6.924326366073939,MM,True,False,True
ENSMUSG00000053819,10090.ENSMUSP00000102009,Camk2d,1.039773,protein_coding,0.700897460742749,MM,True,False,True
ENSMUSG00000020346,10090.ENSMUSP00000080484,Mgat1,6.835514333333332,protein_coding,2.3538798401047876,MM,True,False,True
ENSMUSG00000022477,10090.ENSMUSP00000023116,Aco2,126.12225333333332,protein_coding,6.263725913419093,MM,True,False,True
ENSMUSG00000055917,10090.ENSMUSP00000064226,Zfp277,6.493537,protein_coding,2.294767767646558,MM,True,False,True
ENSMUSG00000032216,10090.ENSMUSP00000034740,Nedd4,13.270502333333335,protein_coding,3.167168960425182,MM,True,False,True
ENSMUSG00000003421,10090.ENSMUSP00000103461,Nosip,98.55287666666668,protein_coding,5.9125900307694845,MM,True,False,False
ENSMUSG00000017286,10090.ENSMUSP00000017430,Glod4,37.763772,protein_coding,4.56799707094188,MM,True,False,True
ENSMUSG00000027775,10090.ENSMUSP00000029344,Mfsd1,2.419664333333333,protein_coding,1.2959986087972906,MM,True,False,True
ENSMUSG00000007033,10090.ENSMUSP00000007248,Hspa1l,53.51382966666667,protein_coding,5.052344577876514,MM,True,True,True
ENSMUSG00000023980,10090.ENSMUSP00000063201,Taf8,17.466364000000002,protein_coding,3.524297417581343,MM,True,True,True
ENSMUSG00000002546,10090.ENSMUSP00000109004,Golga2,36.702147,protein_coding,4.527949996952012,MM,True,False,True
ENSMUSG00000051864,10090.ENSMUSP00000065721,Tbc1d22a,23.42732,protein_coding,3.9154453381382583,MM,True,False,False
ENSMUSG00000018882,10090.ENSMUSP00000019026,Mrpl45,28.91319333333333,protein_coding,4.200946875475005,MM,True,False,False
ENSMUSG00000029203,10090.ENSMUSP00000122471,Ube2k,89.514656,protein_coding,5.774662925394399,MM,True,False,True
ENSMUSG00000039804,10090.ENSMUSP00000046388,Ncoa5,62.15789666666666,protein_coding,5.262149431782424,MM,True,True,True
ENSMUSG00000007097,10090.ENSMUSP00000083077,Atp1a2,1.1643313333333334,protein_coding,0.7656461973219091,MM,True,False,False
ENSMUSG00000049940,10090.ENSMUSP00000056643,Pgrmc2,40.796754,protein_coding,4.674655833820461,MM,True,False,False
ENSMUSG00000005510,10090.ENSMUSP00000005647,Ndufs3,43.36565166666666,protein_coding,4.759167412251676,MM,True,False,True
ENSMUSG00000022982,10090.ENSMUSP00000023707,Sod1,223.8805186666667,protein_coding,7.083490471720167,MM,True,False,True
ENSMUSG00000025381,10090.ENSMUSP00000026446,Cnpy2,8.284244666666666,protein_coding,2.5805901262408075,MM,True,False,True
ENSMUSG00000037364,10090.ENSMUSP00000043123,Srrt,239.8804523333333,protein_coding,7.1827200660831485,MM,True,False,False
ENSMUSG00000033389,10090.ENSMUSP00000039139,Arhgap44,5.373157666666668,protein_coding,2.0814048517930086,MM,True,False,False
ENSMUSG00000064030,10090.ENSMUSP00000129789,Pym1,34.748607666666665,protein_coding,4.452102570280954,MM,True,False,True
ENSMUSG00000035086,10090.ENSMUSP00000119369,Becn1,65.33727533333332,protein_coding,5.333189801605959,MM,True,False,True
ENSMUSG00000041565,10090.ENSMUSP00000094892,L3mbtl4,1.5478663333333331,protein_coding,0.9499235834818681,MM,True,False,False
ENSMUSG00000058301,10090.ENSMUSP00000075089,Upf1,67.28806066666665,protein_coding,5.373483216418081,MM,True,True,True
ENSMUSG00000044030,10090.ENSMUSP00000061234,Irf2bp1,1.41167,protein_coding,0.8863503607097416,MM,True,False,False
ENSMUSG00000042207,10090.ENSMUSP00000038138,Kdm5b,70.96613833333333,protein_coding,5.4490628489080954,MM,True,False,False
ENSMUSG00000025885,10090.ENSMUSP00000073790,Myo5b,7.504285666666667,protein_coding,2.4629284048799502,MM,True,False,True
ENSMUSG00000019471,10090.ENSMUSP00000019615,Cdc37,27.156755000000004,protein_coding,4.113982588244242,MM,True,False,True
ENSMUSG00000030091,10090.ENSMUSP00000032179,Nup210,1.0449730000000002,protein_coding,0.7033948801454775,MM,True,False,True
ENSMUSG00000023845,10090.ENSMUSP00000036998,Lnpep,1.5391046666666666,protein_coding,0.945647652646689,MM,True,False,False
ENSMUSG00000031221,10090.ENSMUSP00000033570,Igbp1,3.2292659999999995,protein_coding,1.5573215299364571,MM,True,False,True
ENSMUSG00000031709,10090.ENSMUSP00000091093,Tbc1d9,9.008848666666664,protein_coding,2.6820668419791613,MM,True,False,False
ENSMUSG00000052337,10090.ENSMUSP00000066181,Immt,232.9892373333333,protein_coding,7.141211889952113,MM,True,False,True
ENSMUSG00000014301,10090.ENSMUSP00000014445,Pam16,352.06549066666673,protein_coding,7.733072436134398,MM,True,False,True
ENSMUSG00000031657,10090.ENSMUSP00000034079,Heatr3,4.764460333333333,protein_coding,1.9513271810662938,MM,True,False,True
ENSMUSG00000037287,10090.ENSMUSP00000067882,Tbcel,27.210933,protein_coding,4.11833954070735,MM,True,True,True
ENSMUSG00000060636,10090.ENSMUSP00000110731,Rpl35a,156.85358166666666,protein_coding,6.575311912120233,MM,True,False,True
ENSMUSG00000038685,10090.ENSMUSP00000053120,Rtel1,32.489021,protein_coding,4.360551660204848,MM,True,False,False
ENSMUSG00000036395,10090.ENSMUSP00000047128,Glb1l2,4.2566543333333335,protein_coding,1.8319362716069174,MM,True,False,False
ENSMUSG00000060036,10090.ENSMUSP00000080354,Rpl3,146.21682233333334,protein_coding,6.47509806218456,MM,True,False,True
ENSMUSG00000037270,10090.ENSMUSP00000060199,4932438A13Rik,44.17497266666667,protein_coding,4.785317319856827,MM,True,False,True
ENSMUSG00000022773,10090.ENSMUSP00000039760,Ypel1,660.7582193333333,protein_coding,8.638312203771532,MM,True,True,True
ENSMUSG00000005469,10090.ENSMUSP00000005606,Prkaca,92.94574733333332,protein_coding,5.830285658919196,MM,True,True,True
ENSMUSG00000055452,10090.ENSMUSP00000066020,Gm7353,4.247207333333335,processed_pseudogene,1.8293413819743065,MM,True,False,True
ENSMUSG00000023852,10090.ENSMUSP00000024627,Chd1,23.721823666666666,protein_coding,3.9330643952981847,MM,True,False,False
ENSMUSG00000039768,10090.ENSMUSP00000051643,Dnajc11,24.119914333333334,protein_coding,3.9546316593656643,MM,True,False,True
ENSMUSG00000029033,10090.ENSMUSP00000101209,Acap3,2.9279546666666665,protein_coding,1.465069134166823,MM,True,False,False
ENSMUSG00000025224,10090.ENSMUSP00000026254,Gbf1,72.02119466666667,protein_coding,5.469776196633549,MM,True,False,True
ENSMUSG00000062127,10090.ENSMUSP00000076751,Cttnbp2nl,6.317760666666668,protein_coding,2.2628517530871943,MM,True,False,True
ENSMUSG00000057421,10090.ENSMUSP00000078901,Las1l,3.581544,protein_coding,1.6573072248044398,MM,True,False,True
ENSMUSG00000017999,10090.ENSMUSP00000018143,Ddx27,29.836017,protein_coding,4.243578732000995,MM,True,False,True
ENSMUSG00000035623,10090.ENSMUSP00000037409,Rsf1,10.963376666666667,protein_coding,2.924739864357677,MM,True,False,True
ENSMUSG00000019948,10090.ENSMUSP00000020109,Actr6,64.25741699999999,protein_coding,5.30965264063156,MM,True,False,False
ENSMUSG00000006269,10090.ENSMUSP00000006431,Atp6v1b1,1.551638,protein_coding,0.9508321837482908,MM,True,False,True
ENSMUSG00000003153,10090.ENSMUSP00000032476,Slc2a3,1049.981852,protein_coding,9.305063432209478,MM,True,True,True
ENSMUSG00000037605,10090.ENSMUSP00000113482,Adgrl3,2.500376666666667,protein_coding,1.3240653544871837,MM,True,False,False
ENSMUSG00000021144,10090.ENSMUSP00000009099,Mta1,44.920634,protein_coding,4.807589976325157,MM,True,False,True
ENSMUSG00000027652,10090.ENSMUSP00000105111,Ralgapb,20.08471933333333,protein_coding,3.7094227296575775,MM,True,False,False
ENSMUSG00000071497,10090.ENSMUSP00000131850,Nutf2-ps1,4.933768333333333,protein_coding,1.9885825358030016,MM,True,False,True
ENSMUSG00000021892,10090.ENSMUSP00000089517,Sh3bp5,4.914704333333333,protein_coding,1.9840545822224267,MM,True,False,False
ENSMUSG00000070319,10090.ENSMUSP00000004206,Eif3g,437.860382,protein_coding,8.046111364940288,MM,True,False,True
ENSMUSG00000020284,10090.ENSMUSP00000101036,1810043G02Rik,16.130273000000003,protein_coding,3.419275766686397,MM,True,False,True
ENSMUSG00000040140,10090.ENSMUSP00000035338,Tdrd6,398.5950523333333,protein_coding,7.911280704772768,MM,True,False,False
ENSMUSG00000050608,10090.ENSMUSP00000117583,Micos10,35.91161333333333,protein_coding,4.499355340518634,MM,True,False,True
ENSMUSG00000013701,10090.ENSMUSP00000013845,Timm23,48.66669733333334,protein_coding,4.920043983380576,MM,True,False,True
ENSMUSG00000027014,10090.ENSMUSP00000064947,Cwc22,10.453987,protein_coding,2.8656826338928023,MM,True,False,True
ENSMUSG00000020248,10090.ENSMUSP00000122403,Nfyb,10.431541666666666,protein_coding,2.8630988800257295,MM,True,False,True
ENSMUSG00000042742,10090.ENSMUSP00000040578,Bmt2,4.647321,protein_coding,1.9247501873334052,MM,True,False,False
ENSMUSG00000030747,10090.ENSMUSP00000033001,Dgat2,24.14033033333333,protein_coding,3.9558724925354545,MM,True,False,True
ENSMUSG00000042707,10090.ENSMUSP00000047783,Dnali1,151.75023399999995,protein_coding,6.5278586038153295,MM,True,False,True
ENSMUSG00000069379,10090.ENSMUSP00000089519,Gm4950,5.512904,processed_pseudogene,2.109040890976364,MM,True,False,True
ENSMUSG00000054455,10090.ENSMUSP00000064699,Vapb,6.588336333333333,protein_coding,2.311007309725866,MM,True,False,True
ENSMUSG00000022680,10090.ENSMUSP00000111471,Pdxdc1,139.46911133333333,protein_coding,6.407870496455747,MM,True,False,True
ENSMUSG00000061758,10090.ENSMUSP00000039114,Akr1b10,2.1162046666666665,protein_coding,1.184367054548626,MM,True,False,True
ENSMUSG00000032103,10090.ENSMUSP00000034615,Pus3,11.709152666666668,protein_coding,3.008207604804766,MM,True,False,False
ENSMUSG00000029179,10090.ENSMUSP00000031077,Zcchc4,4.112888999999999,protein_coding,1.7967159665880152,MM,True,False,True
ENSMUSG00000034707,10090.ENSMUSP00000043167,Gns,18.727399,protein_coding,3.616336992809707,MM,True,False,True
ENSMUSG00000045854,10090.ENSMUSP00000061451,Lyrm2,41.90536866666667,protein_coding,4.712507191189558,MM,True,False,False
ENSMUSG00000023994,10090.ENSMUSP00000043909,Nfya,4.3870553333333335,protein_coding,1.8634439916301755,MM,True,False,True
ENSMUSG00000021188,10090.ENSMUSP00000021605,Trip11,25.192400000000006,protein_coding,4.013184443543363,MM,True,False,False
ENSMUSG00000014402,10090.ENSMUSP00000014546,Tsg101,48.79166166666667,protein_coding,4.923776098277879,MM,True,False,True
ENSMUSG00000002496,10090.ENSMUSP00000094986,Tsc2,6.7180566666666675,protein_coding,2.333563798111067,MM,True,False,True
ENSMUSG00000021192,10090.ENSMUSP00000137305,Golga5,91.52718366666666,protein_coding,5.809148810913348,MM,True,False,False
ENSMUSG00000025499,10090.ENSMUSP00000026572,Hras,27.436124,protein_coding,4.1285918142073506,MM,True,False,True
ENSMUSG00000064120,10090.ENSMUSP00000133694,Mocs1,1.546702,protein_coding,0.9481400583477866,MM,True,False,False
ENSMUSG00000022452,10090.ENSMUSP00000023086,Smdt1,104.34872733333331,protein_coding,5.994014731513778,MM,True,False,True
ENSMUSG00000024944,10090.ENSMUSP00000025893,Arl2,8.777775333333333,protein_coding,2.649664199490854,MM,True,False,True
ENSMUSG00000002845,10090.ENSMUSP00000002924,Tmem39a,8.571204,protein_coding,2.622193748279338,MM,True,False,True
ENSMUSG00000006304,10090.ENSMUSP00000006467,Arpc2,170.109599,protein_coding,6.691130835082748,MM,True,False,True
ENSMUSG00000056598,10090.ENSMUSP00000104363,Drc3,289.4214073333333,protein_coding,7.451981975512467,MM,True,False,False
ENSMUSG00000043716,10090.ENSMUSP00000071616,Rpl7,246.96271766666663,protein_coding,7.22451406321604,MM,True,False,True
ENSMUSG00000025290,10090.ENSMUSP00000125977,Rps24,1075.106486,protein_coding,9.339195918226325,MM,True,False,True
ENSMUSG00000033106,10090.ENSMUSP00000039029,Slc7a6os,66.16695666666665,protein_coding,5.350620330594269,MM,True,False,True
ENSMUSG00000024319,10090.ENSMUSP00000025178,Vps52,31.15727233333333,protein_coding,4.302622767340271,MM,True,False,True
ENSMUSG00000026750,10090.ENSMUSP00000028083,Psmb7,128.50712366666667,protein_coding,6.290732213060193,MM,True,False,True
ENSMUSG00000029196,10090.ENSMUSP00000031097,Tada2b,26.62104833333333,protein_coding,4.088541347609277,MM,True,False,True
ENSMUSG00000058064,10090.ENSMUSP00000078670,Gm10036,31.206837000000004,processed_pseudogene,4.304691391753868,MM,True,False,True
ENSMUSG00000035629,10090.ENSMUSP00000087114,Rubcn,49.69846466666666,protein_coding,4.948868727228807,MM,True,True,True
ENSMUSG00000041459,10090.ENSMUSP00000081142,Tardbp,246.31999733333336,protein_coding,7.221067348108025,MM,True,True,True
ENSMUSG00000022961,10090.ENSMUSP00000109671,Son,89.46555833333332,protein_coding,5.776773729255025,MM,True,False,True
ENSMUSG00000046192,10090.ENSMUSP00000051177,Iqub,90.47402433333332,protein_coding,5.792747944263835,MM,True,False,True
ENSMUSG00000049658,10090.ENSMUSP00000038321,Bdp1,2.660568666666667,protein_coding,1.378918664773841,MM,True,False,True
ENSMUSG00000069601,10090.ENSMUSP00000090089,Ank3,1.5786903333333333,protein_coding,0.9633915057394358,MM,True,False,True
ENSMUSG00000024608,10090.ENSMUSP00000025511,Rps14,538.3229976666668,protein_coding,8.342990747046963,MM,True,False,True
ENSMUSG00000024900,10090.ENSMUSP00000025835,Cpt1a,3.342223666666667,protein_coding,1.5895139095121653,MM,True,False,False
ENSMUSG00000063870,10090.ENSMUSP00000060054,Chd4,100.985443,protein_coding,5.94842905782226,MM,True,False,True
ENSMUSG00000021285,10090.ENSMUSP00000062464,Ppp1r13b,21.350673333333333,protein_coding,3.79098620241386,MM,True,False,False
ENSMUSG00000009073,10090.ENSMUSP00000105536,Nf2,43.85319133333334,protein_coding,4.774930821280949,MM,True,False,True
ENSMUSG00000030768,10090.ENSMUSP00000003035,Disp1,1.3067540000000002,protein_coding,0.8366364899949681,MM,True,False,False
ENSMUSG00000049493,10090.ENSMUSP00000091317,Pls1,1.1758153333333332,protein_coding,0.77179995776243,MM,True,False,False
ENSMUSG00000028018,10090.ENSMUSP00000029651,Gstcd,5.032218333333333,protein_coding,2.00978715223348,MM,True,False,True
ENSMUSG00000024077,10090.ENSMUSP00000120830,Strn,2.2431669999999997,protein_coding,1.232466337976111,MM,True,False,True
ENSMUSG00000024843,10090.ENSMUSP00000071933,Chka,171.74337266666666,protein_coding,6.704079500012235,MM,True,False,True
ENSMUSG00000038880,10090.ENSMUSP00000045111,Mrps34,8.170392,protein_coding,2.562460048658268,MM,True,False,True
ENSMUSG00000031575,10090.ENSMUSP00000070957,Ash2l,219.24871833333336,protein_coding,7.054087128638149,MM,True,True,True
ENSMUSG00000029535,10090.ENSMUSP00000031508,Triap1,4.809301666666666,protein_coding,1.9606499679467682,MM,True,False,True
ENSMUSG00000040463,10090.ENSMUSP00000044827,Mybbp1a,10.114816000000001,protein_coding,2.8245068480042805,MM,True,False,False
ENSMUSG00000027628,10090.ENSMUSP00000029158,Aar2,18.664993333333328,protein_coding,3.6117107912649296,MM,True,False,True
ENSMUSG00000030880,10090.ENSMUSP00000033173,Polr3e,27.239909666666666,protein_coding,4.1193390771006815,MM,True,False,True
ENSMUSG00000034320,10090.ENSMUSP00000119447,Slc26a2,3.494881,protein_coding,1.6332603863899138,MM,True,False,False
ENSMUSG00000053799,10090.ENSMUSP00000064332,Exoc6,2.5950423333333337,protein_coding,1.3569428945356985,MM,True,False,True
ENSMUSG00000029003,10090.ENSMUSP00000030860,Mad2l2,235.0931853333333,protein_coding,7.153882257501299,MM,True,False,True
ENSMUSG00000033706,10090.ENSMUSP00000048537,Smyd5,2.431900666666667,protein_coding,1.300376991740463,MM,True,False,True
ENSMUSG00000040105,10090.ENSMUSP00000047776,Plpp6,2.320365,protein_coding,1.2601748371716877,MM,True,False,True
ENSMUSG00000063450,10090.ENSMUSP00000047697,Syne2,7.011733666666667,protein_coding,2.383099212761067,MM,True,False,False
ENSMUSG00000007411,10090.ENSMUSP00000082017,Mark3,12.364589666666667,protein_coding,3.076416574357299,MM,True,False,True
ENSMUSG00000078652,10090.ENSMUSP00000019470,Psme3,41.84340666666667,protein_coding,4.709759508943784,MM,True,False,False
ENSMUSG00000041939,10090.ENSMUSP00000036971,Mvk,7.771497666666666,protein_coding,2.5046094609283482,MM,True,False,True
ENSMUSG00000009470,10090.ENSMUSP00000105028,Tnpo1,22.999644666666665,protein_coding,3.8908991785128917,MM,True,False,True
ENSMUSG00000018171,10090.ENSMUSP00000018315,Vmp1,16.507641333333336,protein_coding,3.449821542469337,MM,True,False,True
ENSMUSG00000041241,10090.ENSMUSP00000039604,Mul1,47.21007933333333,protein_coding,4.877051704632292,MM,True,False,True
ENSMUSG00000062526,10090.ENSMUSP00000072808,Mppe1,2.2379466666666668,protein_coding,1.2296506739960376,MM,True,False,False
ENSMUSG00000026766,10090.ENSMUSP00000099830,Mmadhc,209.9083403333333,protein_coding,6.991532457923176,MM,True,False,False
ENSMUSG00000028312,10090.ENSMUSP00000099979,Smc2,25.031443666666664,protein_coding,4.00567373845548,MM,True,False,True
ENSMUSG00000025401,10090.ENSMUSP00000078540,Myo1a,24.78094733333333,protein_coding,3.991291843068162,MM,True,False,False
ENSMUSG00000022217,10090.ENSMUSP00000022828,Emc9,1.3190926666666667,protein_coding,0.8423610048593348,MM,True,False,True
ENSMUSG00000078789,10090.ENSMUSP00000042162,Dph1,1.7154596666666666,protein_coding,1.0231924141696414,MM,True,False,True
ENSMUSG00000025958,10090.ENSMUSP00000140112,Creb1,6.914686333333332,protein_coding,2.367011185782261,MM,True,False,True
ENSMUSG00000042854,10090.ENSMUSP00000115353,Trp53rkb,5.3851130000000005,protein_coding,2.082528315593583,MM,True,False,False
ENSMUSG00000075700,10090.ENSMUSP00000103557,Selenot,44.164953999999994,protein_coding,4.7851558925968884,MM,True,False,True
ENSMUSG00000038733,10090.ENSMUSP00000124592,Wdr26,50.733275333333346,protein_coding,4.978901456045327,MM,True,False,True
ENSMUSG00000062421,10090.ENSMUSP00000102622,Arf2,19.633585666666665,protein_coding,3.6791775475351924,MM,True,False,True
ENSMUSG00000069744,10090.ENSMUSP00000099436,Psmb3,35.635625333333344,protein_coding,4.487322210297638,MM,True,False,True
ENSMUSG00000033554,10090.ENSMUSP00000043730,Dph5,15.747858999999998,protein_coding,3.3888944987423075,MM,True,False,True
ENSMUSG00000022781,10090.ENSMUSP00000023467,Pak2,12.268184333333332,protein_coding,3.066791102556212,MM,True,False,True
ENSMUSG00000021484,10090.ENSMUSP00000021940,Lman2,26.05364233333333,protein_coding,4.058447250140255,MM,True,False,False
ENSMUSG00000026096,10090.ENSMUSP00000110128,Osgepl1,56.962775,protein_coding,5.140497313723868,MM,True,False,False
ENSMUSG00000034023,10090.ENSMUSP00000045667,Fancd2,31.659733000000003,protein_coding,4.32514671316951,MM,True,True,True
ENSMUSG00000033763,10090.ENSMUSP00000050211,Mtss1l,4.873538666666667,protein_coding,1.9746566898578104,MM,True,False,False
ENSMUSG00000026385,10090.ENSMUSP00000114705,Dbi,296.27915433333334,protein_coding,7.485804540547655,MM,True,False,True
ENSMUSG00000061633,10090.ENSMUSP00000074190,1700029P11Rik,281.92339066666665,protein_coding,7.41402687846028,MM,True,False,True
ENSMUSG00000004843,10090.ENSMUSP00000004965,Chmp2b,435.78183000000007,protein_coding,8.039987475126592,MM,True,False,True
ENSMUSG00000039629,10090.ENSMUSP00000036477,Strip2,4.926479666666666,protein_coding,1.986806764960112,MM,True,True,True
ENSMUSG00000030138,10090.ENSMUSP00000032237,Bms1,161.63596600000002,protein_coding,6.6181126100788745,MM,True,True,True
ENSMUSG00000040594,10090.ENSMUSP00000099879,Ranbp17,58.98850233333334,protein_coding,5.189370479862859,MM,True,False,True
ENSMUSG00000067629,10090.ENSMUSP00000080038,Syngap1,9.505029666666667,protein_coding,2.747185429694932,MM,True,False,True
ENSMUSG00000010755,10090.ENSMUSP00000010899,Cars,23.980867333333336,protein_coding,3.946965115335045,MM,True,False,False
ENSMUSG00000022332,10090.ENSMUSP00000022954,Khdrbs3,107.36169166666667,protein_coding,6.0342490951791135,MM,True,False,False
ENSMUSG00000034064,10090.ENSMUSP00000038166,Poglut1,1.343955,protein_coding,0.8548672532006113,MM,True,False,False
ENSMUSG00000022889,10090.ENSMUSP00000112283,Mrpl39,147.49873333333332,protein_coding,6.487498440358305,MM,True,False,True
ENSMUSG00000091742,10090.ENSMUSP00000127966,Gm5093,9.890705,processed_pseudogene,2.7968084950555085,MM,True,False,True
ENSMUSG00000014856,10090.ENSMUSP00000015000,Tmem208,13.784244,protein_coding,3.214875961615889,MM,True,False,False
ENSMUSG00000027502,10090.ENSMUSP00000029005,Rtf2,61.07725266666666,protein_coding,5.238326239292384,MM,True,False,False
ENSMUSG00000063802,10090.ENSMUSP00000078886,Hspbp1,25.68009,protein_coding,4.039105105060689,MM,True,False,True
ENSMUSG00000020918,10090.ENSMUSP00000099407,Kat2a,17.779495666666666,protein_coding,3.547193727633184,MM,True,False,True
ENSMUSG00000036323,10090.ENSMUSP00000098648,Srp72,54.91752633333334,protein_coding,5.089109896913099,MM,True,False,True
ENSMUSG00000026827,10090.ENSMUSP00000108237,Gpd2,49.32899833333334,protein_coding,4.938789831475406,MM,True,False,False
ENSMUSG00000003348,10090.ENSMUSP00000003438,Mob3a,8.362744666666666,protein_coding,2.5917020735479013,MM,True,True,True
ENSMUSG00000024513,10090.ENSMUSP00000073701,Mbd2,33.13457366666667,protein_coding,4.3878803879058585,MM,True,False,True
ENSMUSG00000047213,10090.ENSMUSP00000103983,Ythdf3,9.412098,protein_coding,2.7361662639881223,MM,True,False,True
ENSMUSG00000037683,10090.ENSMUSP00000110287,Armc3,125.73513799999999,protein_coding,6.25986114094548,MM,True,False,True
ENSMUSG00000014959,10090.ENSMUSP00000028509,Gorasp2,216.71179200000003,protein_coding,7.036720403009999,MM,True,False,True
ENSMUSG00000022883,10090.ENSMUSP00000023600,Robo1,2.0486916666666666,protein_coding,1.1586802081508698,MM,True,False,True
ENSMUSG00000024515,10090.ENSMUSP00000025393,Smad4,2.865733,protein_coding,1.44563295690399,MM,True,False,True
ENSMUSG00000034248,10090.ENSMUSP00000039990,Slc25a37,1.1208066666666667,protein_coding,0.7432753965865937,MM,True,False,False
ENSMUSG00000028832,10090.ENSMUSP00000030636,Stmn1,488.290446,protein_coding,8.202815043075772,MM,True,False,True
ENSMUSG00000035047,10090.ENSMUSP00000039688,Kri1,73.72978466666667,protein_coding,5.502732882105988,MM,True,True,False
ENSMUSG00000027076,10090.ENSMUSP00000028470,Timm10,14.052962,protein_coding,3.2405925619904985,MM,True,False,True
ENSMUSG00000039756,10090.ENSMUSP00000045043,Dnttip2,58.06381366666667,protein_coding,5.167320336992315,MM,True,False,False
ENSMUSG00000069539,10090.ENSMUSP00000133992,Scyl2,29.147873999999998,protein_coding,4.212449472422558,MM,True,False,True
ENSMUSG00000027835,10090.ENSMUSP00000125752,Pdcd10,44.25238266666667,protein_coding,4.787845738283183,MM,True,False,True
ENSMUSG00000040213,10090.ENSMUSP00000041675,Kyat3,2.3571569999999995,protein_coding,1.2749496167608048,MM,True,False,True
ENSMUSG00000005045,10090.ENSMUSP00000030775,Chd5,14.622357666666668,protein_coding,3.292045590685477,MM,True,False,True
ENSMUSG00000030298,10090.ENSMUSP00000032440,Sec13,53.72459433333334,protein_coding,5.057734667362486,MM,True,False,True
ENSMUSG00000020936,10090.ENSMUSP00000021314,Nmt1,73.71525033333334,protein_coding,5.501955928078484,MM,True,True,True
ENSMUSG00000039450,10090.ENSMUSP00000026144,Dcxr,1.218502,protein_coding,0.792603847669467,MM,True,False,True
ENSMUSG00000030979,10090.ENSMUSP00000033276,Uros,12.004205,protein_coding,3.039472936338091,MM,True,False,True
ENSMUSG00000048701,10090.ENSMUSP00000123374,Ccdc6,4.7932163333333335,protein_coding,1.9575412197120912,MM,True,False,False
ENSMUSG00000000738,10090.ENSMUSP00000119552,Spg7,109.17863966666668,protein_coding,6.058674714609917,MM,True,False,True
ENSMUSG00000019843,10090.ENSMUSP00000097547,Fyn,2.2138016666666664,protein_coding,1.2212782306319119,MM,True,False,False
ENSMUSG00000055531,10090.ENSMUSP00000068408,Cpsf6,27.33339833333333,protein_coding,4.124543447787111,MM,True,False,True
ENSMUSG00000037196,10090.ENSMUSP00000044376,Pacrg,329.99747733333334,protein_coding,7.640141133171194,MM,True,False,False
ENSMUSG00000031320,10090.ENSMUSP00000033683,Rps4x,9.695431999999998,protein_coding,2.7727583245265226,MM,True,False,True
ENSMUSG00000047193,10090.ENSMUSP00000116679,Dync2h1,41.470576,protein_coding,4.697432376905588,MM,True,True,True
ENSMUSG00000024644,10090.ENSMUSP00000128696,Cndp2,34.850168,protein_coding,4.4565089514730225,MM,True,False,True
ENSMUSG00000027649,10090.ENSMUSP00000029178,Ctnnbl1,123.19435366666669,protein_coding,6.229958386071669,MM,True,False,True
ENSMUSG00000016487,10090.ENSMUSP00000107250,Ppfibp1,14.408086666666668,protein_coding,3.2728628241880235,MM,True,False,True
ENSMUSG00000031314,10090.ENSMUSP00000098895,Taf1,3.713616000000001,protein_coding,1.694412810165347,MM,True,False,True
ENSMUSG00000078671,10090.ENSMUSP00000126352,Chd2,4.3708903333333335,protein_coding,1.8598912510762895,MM,True,False,True
ENSMUSG00000071379,10090.ENSMUSP00000071756,Hpcal1,1.15632,protein_coding,0.7614396065227542,MM,True,False,False
ENSMUSG00000070520,10090.ENSMUSP00000091889,Nsmce3,10.174337,protein_coding,2.831337075027533,MM,True,False,True
ENSMUSG00000028995,10090.ENSMUSP00000030849,Fam126a,77.664711,protein_coding,5.576552087942548,MM,True,True,False
ENSMUSG00000026843,10090.ENSMUSP00000053474,Fubp3,4.397565666666666,protein_coding,1.8654590842902,MM,True,True,True
ENSMUSG00000030850,10090.ENSMUSP00000033139,Ate1,34.36954266666667,protein_coding,4.438415089518084,MM,True,True,True
ENSMUSG00000034278,10090.ENSMUSP00000041841,Dnajc17,9.39905,protein_coding,2.7338225077707476,MM,True,False,True
ENSMUSG00000056973,10090.ENSMUSP00000034172,Ces1d,22.355679666666664,protein_coding,3.8527638088123815,MM,True,True,False
ENSMUSG00000026851,10090.ENSMUSP00000028205,BC005624,55.218956000000006,protein_coding,5.096412842851801,MM,True,False,True
ENSMUSG00000025102,10090.ENSMUSP00000026092,3110040N11Rik,23.45287066666667,protein_coding,3.9167889716201407,MM,True,True,True
ENSMUSG00000014195,10090.ENSMUSP00000014339,Dnajc7,223.18375166666667,protein_coding,7.079734985717654,MM,True,False,True
ENSMUSG00000078584,10090.ENSMUSP00000115729,AU022252,6.353889666666666,protein_coding,2.2695394974223166,MM,True,False,True
ENSMUSG00000034647,10090.ENSMUSP00000039035,Ankrd12,22.65944533333333,protein_coding,3.871141017659145,MM,True,False,True
ENSMUSG00000062083,10090.ENSMUSP00000071763,Rpl13a-ps1,1.6003030000000005,processed_pseudogene,0.9726299214420067,MM,True,False,True
ENSMUSG00000030204,10090.ENSMUSP00000032326,Ddx47,31.987917,protein_coding,4.339210325660897,MM,True,False,False
ENSMUSG00000031917,10090.ENSMUSP00000034392,Nip7,8.976977333333332,protein_coding,2.678110601882517,MM,True,False,True
ENSMUSG00000026127,10090.ENSMUSP00000027303,Imp4,9.973794,protein_coding,2.8069466502973386,MM,True,False,True
ENSMUSG00000024501,10090.ENSMUSP00000025379,Dpysl3,15.438032333333332,protein_coding,3.364829153143649,MM,True,False,False
ENSMUSG00000022884,10090.ENSMUSP00000023599,Eif4a2,160.68390433333332,protein_coding,6.610077049915258,MM,True,True,True
ENSMUSG00000061981,10090.ENSMUSP00000072136,Flot2,25.64713566666667,protein_coding,4.037459860688509,MM,True,False,True
ENSMUSG00000021224,10090.ENSMUSP00000119303,Numb,24.49289733333333,protein_coding,3.9744565946607677,MM,True,True,False
ENSMUSG00000027479,10090.ENSMUSP00000028981,Mapre1,21.282422,protein_coding,3.787010223578938,MM,True,False,True
ENSMUSG00000049807,10090.ENSMUSP00000112999,Arhgap23,8.047129666666669,protein_coding,2.545452958238711,MM,True,False,True
ENSMUSG00000024120,10090.ENSMUSP00000107927,Lrpprc,26.602288,protein_coding,4.087688478081949,MM,True,False,False
ENSMUSG00000026383,10090.ENSMUSP00000128374,Epb41l5,8.954803666666663,protein_coding,2.6751946182244306,MM,True,True,True
ENSMUSG00000017390,10090.ENSMUSP00000099536,Aldoc,4.62601,protein_coding,1.9194885716327204,MM,True,False,True
ENSMUSG00000058252,10090.ENSMUSP00000077676,Tcp11x2,9.796775333333333,protein_coding,2.7849988255116114,MM,True,False,False
ENSMUSG00000032185,10090.ENSMUSP00000034703,Carm1,19.139292333333334,protein_coding,3.64522544605828,MM,True,False,False
ENSMUSG00000042992,10090.ENSMUSP00000054913,Borcs5,3.9842556666666655,protein_coding,1.7635587402722799,MM,True,False,True
ENSMUSG00000024477,10090.ENSMUSP00000025354,Pggt1b,8.921415333333334,protein_coding,2.6706804555089665,MM,True,False,True
ENSMUSG00000024404,10090.ENSMUSP00000025270,Riok3,127.58695466666668,protein_coding,6.281225173786572,MM,True,False,False
ENSMUSG00000039219,10090.ENSMUSP00000106163,Arid4b,22.639845333333334,protein_coding,3.8700663509064324,MM,True,False,False
ENSMUSG00000020564,10090.ENSMUSP00000088085,Atxn7l1,33.68564966666667,protein_coding,4.410049333733522,MM,True,False,True
ENSMUSG00000035891,10090.ENSMUSP00000038203,Cerk,29.87043433333333,protein_coding,4.245161292226256,MM,True,False,True
ENSMUSG00000041203,10090.ENSMUSP00000044129,Trir,64.66632066666666,protein_coding,5.317817283466348,MM,True,False,False
ENSMUSG00000020935,10090.ENSMUSP00000021313,Dcakd,12.818539333333336,protein_coding,3.1220079210963534,MM,True,False,True
ENSMUSG00000073457,10090.ENSMUSP00000124967,Smok2b,1.7344389999999998,protein_coding,1.0308457288155775,MM,True,False,False
ENSMUSG00000035247,10090.ENSMUSP00000136449,Hectd1,24.888682,protein_coding,3.9976542856803663,MM,True,True,True
ENSMUSG00000032826,10090.ENSMUSP00000043765,Ank2,3.970386,protein_coding,1.7603221622580119,MM,True,False,True
ENSMUSG00000066878,10090.ENSMUSP00000137310,Gm10184,145.26380399999996,protein_coding,6.465893471115346,MM,True,False,True
ENSMUSG00000022031,10090.ENSMUSP00000022609,Elp3,19.956945333333334,protein_coding,3.700855043548311,MM,True,False,True
ENSMUSG00000024571,10090.ENSMUSP00000121883,Gm16286,11.099403333333333,protein_coding,2.9402720743412365,MM,True,False,False
ENSMUSG00000052428,10090.ENSMUSP00000095081,Tmco1,29.355008,protein_coding,4.221881410701957,MM,True,False,True
ENSMUSG00000003435,10090.ENSMUSP00000003527,Supt5,141.9908343333333,protein_coding,6.4328133882394605,MM,True,False,True
ENSMUSG00000035311,10090.ENSMUSP00000020251,Gnptab,2.261613,protein_coding,1.239244048108773,MM,True,False,False
ENSMUSG00000046173,10090.ENSMUSP00000050792,Pabpc6,573.1092936666668,protein_coding,8.433931763223605,MM,True,False,True
ENSMUSG00000005506,10090.ENSMUSP00000070438,Celf1,8.377755333333333,protein_coding,2.5944228257793873,MM,True,False,True
ENSMUSG00000052144,10090.ENSMUSP00000066314,Ppp4r2,16.334145333333332,protein_coding,3.43663155396448,MM,True,False,True
ENSMUSG00000032218,10090.ENSMUSP00000034742,Ccnb2,255.875468,protein_coding,7.275358878860049,MM,True,False,True
ENSMUSG00000033862,10090.ENSMUSP00000045527,Cdk10,68.05008566666667,protein_coding,5.389680171752307,MM,True,False,True
ENSMUSG00000063229,10090.ENSMUSP00000103267,Ldha,767.4183146666667,protein_coding,8.853474201443168,MM,True,True,True
ENSMUSG00000090544,10090.ENSMUSP00000126334,Gm6576,4.807092333333333,processed_pseudogene,1.9600816546997115,MM,True,False,True
ENSMUSG00000028049,10090.ENSMUSP00000029684,Scamp3,36.56267433333333,protein_coding,4.522237518791768,MM,True,True,False
ENSMUSG00000027349,10090.ENSMUSP00000028825,Fam98b,58.38820266666667,protein_coding,5.17513579814472,MM,True,False,True
ENSMUSG00000032110,10090.ENSMUSP00000034620,Acrv1,80.39789066666667,protein_coding,5.625531306385822,MM,True,False,True
ENSMUSG00000022945,10090.ENSMUSP00000023666,Chaf1b,13.291585999999999,protein_coding,3.168652999058232,MM,True,False,True
ENSMUSG00000059070,10090.ENSMUSP00000103365,Rpl18,162.89993033333334,protein_coding,6.627756060639434,MM,True,False,True
ENSMUSG00000030515,10090.ENSMUSP00000032728,Tarsl2,1.352566666666667,protein_coding,0.8587894737442703,MM,True,False,False
ENSMUSG00000022779,10090.ENSMUSP00000023465,Top3b,46.184143,protein_coding,4.847190241267179,MM,True,False,True
ENSMUSG00000019971,10090.ENSMUSP00000130899,Cep290,176.16152966666667,protein_coding,6.741459579648715,MM,True,True,True
ENSMUSG00000039361,10090.ENSMUSP00000051092,Picalm,46.48051466666667,protein_coding,4.856245002513593,MM,True,False,True
ENSMUSG00000025423,10090.ENSMUSP00000110425,Pias2,800.9777220000002,protein_coding,8.915730911006936,MM,True,True,True
ENSMUSG00000033392,10090.ENSMUSP00000128460,Clasp2,7.259677333333332,protein_coding,2.4240126619668825,MM,True,False,True
ENSMUSG00000073471,10090.ENSMUSP00000095034,Rsph3a,488.76819866666665,protein_coding,8.204395072545195,MM,True,False,True
ENSMUSG00000067148,10090.ENSMUSP00000084252,Polr1c,68.46791733333333,protein_coding,5.398023022229745,MM,True,False,True
ENSMUSG00000029151,10090.ENSMUSP00000031037,Slc30a3,58.26736066666667,protein_coding,5.171214274703472,MM,True,False,True
ENSMUSG00000017664,10090.ENSMUSP00000104923,Slc35c2,21.406173000000003,protein_coding,3.7951565888811283,MM,True,False,True
ENSMUSG00000042305,10090.ENSMUSP00000046786,Tmem183a,21.003608,protein_coding,3.769561630603735,MM,True,False,False
ENSMUSG00000002475,10090.ENSMUSP00000002549,Abhd3,11.480825666666668,protein_coding,2.9827358966138204,MM,True,True,True
ENSMUSG00000027630,10090.ENSMUSP00000067164,Tbl1xr1,15.955267666666666,protein_coding,3.4060829109001274,MM,True,False,False
ENSMUSG00000038848,10090.ENSMUSP00000037808,Ythdf1,9.629387333333332,protein_coding,2.7641881685175673,MM,True,False,False
ENSMUSG00000024870,10090.ENSMUSP00000025804,Rab1b,96.87867,protein_coding,5.88880318747241,MM,True,True,True
ENSMUSG00000021432,10090.ENSMUSP00000021870,Slc35b3,9.339121333333333,protein_coding,2.7264023401584154,MM,True,False,True
ENSMUSG00000028053,10090.ENSMUSP00000140251,Ash1l,7.367233000000001,protein_coding,2.4416272461517345,MM,True,False,True
ENSMUSG00000032579,10090.ENSMUSP00000035196,Hemk1,18.784742666666666,protein_coding,3.6202781725123,MM,True,False,True
ENSMUSG00000079477,10090.ENSMUSP00000109230,Rab7,17.290336,protein_coding,3.510945509582567,MM,True,False,True
ENSMUSG00000041642,10090.ENSMUSP00000074661,Kif21b,4.440408333333333,protein_coding,1.875921180831282,MM,True,False,True
ENSMUSG00000025410,10090.ENSMUSP00000026479,Dctn2,427.416687,protein_coding,8.011515566178907,MM,True,False,True
ENSMUSG00000025373,10090.ENSMUSP00000100869,Rnf41,13.07024033333333,protein_coding,3.1470581408539604,MM,True,False,True
ENSMUSG00000034591,10090.ENSMUSP00000036690,Slc41a2,1.793353,protein_coding,1.055681562071975,MM,True,False,False
ENSMUSG00000026924,10090.ENSMUSP00000109716,Sec16a,31.43356333333333,protein_coding,4.315116513516644,MM,True,False,True
ENSMUSG00000024091,10090.ENSMUSP00000024897,Vapa,232.24917566666667,protein_coding,7.136879067810526,MM,True,False,True
ENSMUSG00000091086,10090.ENSMUSP00000131802,Rpl6l,32.726597000000005,processed_pseudogene,4.370704166961618,MM,True,False,True
ENSMUSG00000027708,10090.ENSMUSP00000113594,Dcun1d1,242.8812663333333,protein_coding,7.201091062673281,MM,True,False,True
ENSMUSG00000029486,10090.ENSMUSP00000112451,Mrpl1,60.017638,protein_coding,5.2138732056942905,MM,True,False,True
ENSMUSG00000037373,10090.ENSMUSP00000078682,Ctbp1,9.616596,protein_coding,2.761145110928801,MM,True,False,True
ENSMUSG00000024776,10090.ENSMUSP00000059927,Stambpl1,14.621599000000002,protein_coding,3.2916241846504444,MM,True,False,False
ENSMUSG00000005682,10090.ENSMUSP00000005825,Pan2,22.11230533333333,protein_coding,3.8377289067280556,MM,True,True,True
ENSMUSG00000039463,10090.ENSMUSP00000044185,Slc9a8,16.958293333333334,protein_coding,3.4850549847202386,MM,True,True,True
ENSMUSG00000039087,10090.ENSMUSP00000105867,Rreb1,1.587237,protein_coding,0.9668062278738004,MM,True,False,False
ENSMUSG00000031931,10090.ENSMUSP00000034406,Ankrd49,57.77478633333333,protein_coding,5.159958662584905,MM,True,False,False
ENSMUSG00000031330,10090.ENSMUSP00000033692,Zcchc13,23.297604999999997,protein_coding,3.9086623550090125,MM,True,False,False
ENSMUSG00000022003,10090.ENSMUSP00000022580,Slc25a30,10.309983,protein_coding,2.848778154799795,MM,True,False,True
ENSMUSG00000029465,10090.ENSMUSP00000099584,Arpc3,21.947708,protein_coding,3.8277647701357793,MM,True,False,True
ENSMUSG00000037526,10090.ENSMUSP00000039047,Atg14,5.392923333333332,protein_coding,2.085359273445446,MM,True,False,True
ENSMUSG00000025939,10090.ENSMUSP00000112741,Ube2w,44.335599,protein_coding,4.790252528950843,MM,True,False,False
ENSMUSG00000017679,10090.ENSMUSP00000128922,Ttpal,1.7568826666666666,protein_coding,1.0413441589484678,MM,True,False,False
ENSMUSG00000026229,10090.ENSMUSP00000027432,Psmd1,104.422282,protein_coding,5.995647472405666,MM,True,True,True
ENSMUSG00000006464,10090.ENSMUSP00000055321,Bbs1,10.810310333333335,protein_coding,2.907402629413209,MM,True,False,False
ENSMUSG00000017548,10090.ENSMUSP00000017692,Suz12,21.09622366666667,protein_coding,3.7754240763157556,MM,True,False,True
ENSMUSG00000020476,10090.ENSMUSP00000020769,Dbnl,29.09743233333333,protein_coding,4.208840180925696,MM,True,True,True
ENSMUSG00000032301,10090.ENSMUSP00000034848,Psma4,155.51985166666668,protein_coding,6.563425793445793,MM,True,False,True
ENSMUSG00000079470,10090.ENSMUSP00000052149,Utp14b,12.167431666666666,protein_coding,3.0567694020992584,MM,True,False,True
ENSMUSG00000026134,10090.ENSMUSP00000027312,Prim2,45.90924999999999,protein_coding,4.838907020195892,MM,True,False,True
ENSMUSG00000031539,10090.ENSMUSP00000128446,Ap3m2,1.934065333333333,protein_coding,1.1134278013642753,MM,True,False,True
ENSMUSG00000037075,10090.ENSMUSP00000046467,Rnf139,244.4882,protein_coding,7.210464061302082,MM,True,False,False
ENSMUSG00000028672,10090.ENSMUSP00000030432,Hmgcl,7.271317999999999,protein_coding,2.425793889572256,MM,True,False,True
ENSMUSG00000029513,10090.ENSMUSP00000031486,Prkab1,2.040455666666667,protein_coding,1.1552011030245224,MM,True,True,True
ENSMUSG00000031233,10090.ENSMUSP00000033585,Pgk2,498.07567333333327,protein_coding,8.232029957814715,MM,True,False,True
ENSMUSG00000033885,10090.ENSMUSP00000035265,Pxk,11.874286333333332,protein_coding,3.025687191392618,MM,True,False,False
ENSMUSG00000028419,10090.ENSMUSP00000030128,Chmp5,31.76294833333333,protein_coding,4.329881852639854,MM,True,False,True
ENSMUSG00000032238,10090.ENSMUSP00000034766,Rora,1.5754749999999995,protein_coding,0.9615927085037177,MM,True,False,False
ENSMUSG00000019505,10090.ENSMUSP00000019649,Ubb,3162.400716,protein_coding,10.893567585207839,MM,True,True,True
ENSMUSG00000032602,10090.ENSMUSP00000035222,Slc25a20,42.96213399999999,protein_coding,4.746248155461576,MM,True,False,True
ENSMUSG00000027207,10090.ENSMUSP00000028636,Galk2,9.332089,protein_coding,2.725481600715746,MM,True,True,False
ENSMUSG00000024359,10090.ENSMUSP00000025217,Hspa9,320.0125323333333,protein_coding,7.596431109646082,MM,True,False,True
ENSMUSG00000032342,10090.ENSMUSP00000034896,Mto1,32.60831566666667,protein_coding,4.365673176103902,MM,True,True,True
ENSMUSG00000024425,10090.ENSMUSP00000025293,Ndfip1,94.52240266666666,protein_coding,5.854234072904068,MM,True,False,True
ENSMUSG00000013662,10090.ENSMUSP00000069962,Atad1,26.139948999999998,protein_coding,4.064545700612413,MM,True,False,False
ENSMUSG00000026553,10090.ENSMUSP00000118179,Copa,66.21048,protein_coding,5.351500537709821,MM,True,False,True
ENSMUSG00000015120,10090.ENSMUSP00000134169,Ube2i,378.56189966666665,protein_coding,7.837848036430557,MM,True,False,True
ENSMUSG00000037408,10090.ENSMUSP00000121317,Cnnm4,14.423511333333336,protein_coding,3.2739070203792684,MM,True,True,True
ENSMUSG00000053801,10090.ENSMUSP00000116252,Grwd1,7.260771000000001,protein_coding,2.4236176103816955,MM,True,False,False
ENSMUSG00000005483,10090.ENSMUSP00000005620,Dnajb1,246.07670066666665,protein_coding,7.218972700858433,MM,True,False,True
ENSMUSG00000031353,10090.ENSMUSP00000033720,Rbbp7,30.33691266666667,protein_coding,4.266737076016957,MM,True,False,True
ENSMUSG00000033684,10090.ENSMUSP00000035658,Qsox1,60.18419166666666,protein_coding,5.216698475594206,MM,True,False,True
ENSMUSG00000095427,10090.ENSMUSP00000093124,Rps2-ps6,3.445214,processed_pseudogene,1.6190698846298766,MM,True,False,True
ENSMUSG00000022033,10090.ENSMUSP00000022612,Pbk,236.712219,protein_coding,7.164221344584444,MM,True,False,False
ENSMUSG00000036376,10090.ENSMUSP00000045888,Abt1,3.8641316666666663,protein_coding,1.7328493451342506,MM,True,False,True
ENSMUSG00000024043,10090.ENSMUSP00000024840,Arhgap28,1.5209400000000002,protein_coding,0.9373649839951564,MM,True,False,True
ENSMUSG00000028580,10090.ENSMUSP00000030315,Pum1,35.851609333333336,protein_coding,4.496027170232074,MM,True,False,False
ENSMUSG00000052861,10090.ENSMUSP00000068758,Dnah6,23.83599333333333,protein_coding,3.939210181948246,MM,True,False,True
ENSMUSG00000047843,10090.ENSMUSP00000057263,Bri3,17.555055,protein_coding,3.529474158407942,MM,True,False,True
ENSMUSG00000017765,10090.ENSMUSP00000112130,Slc12a4,1.0391723333333334,protein_coding,0.7001458223257424,MM,True,False,True
ENSMUSG00000019370,10090.ENSMUSP00000019514,Calm3,814.7608236666665,protein_coding,8.938034612976349,MM,True,True,True
ENSMUSG00000042460,10090.ENSMUSP00000047931,C1galt1,10.453249000000001,protein_coding,2.8657455092246624,MM,True,False,True
ENSMUSG00000040220,10090.ENSMUSP00000090730,Gas8,113.06479166666666,protein_coding,6.108623671755937,MM,True,False,True
ENSMUSG00000022403,10090.ENSMUSP00000130195,St13,212.79940766666667,protein_coding,7.0115892444474115,MM,True,False,True
ENSMUSG00000026755,10090.ENSMUSP00000108483,Arpc5l,178.16241966666664,protein_coding,6.757062234493997,MM,True,False,True
ENSMUSG00000056553,10090.ENSMUSP00000064046,Ptprn2,1.3930883333333333,protein_coding,0.8791149767116022,MM,True,False,False
ENSMUSG00000071649,10090.ENSMUSP00000093962,B3gat3,3.2291673333333333,protein_coding,1.5561759660950034,MM,True,False,True
ENSMUSG00000025903,10090.ENSMUSP00000027036,Lypla1,23.144877,protein_coding,3.8999787198847566,MM,True,False,True
ENSMUSG00000036432,10090.ENSMUSP00000067496,Siah2,43.52646633333333,protein_coding,4.764378783658491,MM,True,False,True
ENSMUSG00000020752,10090.ENSMUSP00000021097,Recql5,6.883471000000001,protein_coding,2.3613594443186097,MM,True,False,False
ENSMUSG00000026634,10090.ENSMUSP00000064556,Angel2,28.582630666666667,protein_coding,4.185304286732413,MM,True,False,True
ENSMUSG00000045827,10090.ENSMUSP00000099002,Serpinb9,1.0678800000000002,protein_coding,0.7159598310714141,MM,True,False,False
ENSMUSG00000037434,10090.ENSMUSP00000042410,Slc30a1,4.444395666666666,protein_coding,1.8770437348842535,MM,True,False,True
ENSMUSG00000004895,10090.ENSMUSP00000005015,Prcc,14.008789666666665,protein_coding,3.2359506449279523,MM,True,False,False
ENSMUSG00000062203,10090.ENSMUSP00000078940,Gspt1,162.30054733333338,protein_coding,6.624439619079886,MM,True,False,True
ENSMUSG00000022338,10090.ENSMUSP00000052905,Eny2,74.8082553333333,protein_coding,5.524287877627576,MM,True,False,True
ENSMUSG00000029545,10090.ENSMUSP00000031524,Acads,2.6592456666666666,protein_coding,1.378152939479036,MM,True,False,True
ENSMUSG00000036309,10090.ENSMUSP00000038744,Skp1a,401.3068846666667,protein_coding,7.921600416292519,MM,True,False,True
ENSMUSG00000030029,10090.ENSMUSP00000098686,Lrig1,1.1683613333333334,protein_coding,0.7678666321766285,MM,True,False,False
ENSMUSG00000021910,10090.ENSMUSP00000022469,Nisch,6.1048550000000015,protein_coding,2.2242453002111096,MM,True,False,False
ENSMUSG00000038174,10090.ENSMUSP00000123728,Fam126b,4.073431333333333,protein_coding,1.7872478668703127,MM,True,False,True
ENSMUSG00000042063,10090.ENSMUSP00000138305,Zfp386,21.269354999999997,protein_coding,3.786556565261322,MM,True,False,False
ENSMUSG00000021149,10090.ENSMUSP00000021574,Gtpbp4,28.68290833333333,protein_coding,4.190540195253685,MM,True,False,True
ENSMUSG00000004319,10090.ENSMUSP00000004430,Clcn3,11.565547666666667,protein_coding,2.992295550456037,MM,True,False,False
ENSMUSG00000026694,10090.ENSMUSP00000028017,Eef1aknmt,2.5433736666666666,protein_coding,1.3388697297084307,MM,True,False,True
ENSMUSG00000039117,10090.ENSMUSP00000038610,Taf4,7.874509333333332,protein_coding,2.5203245149376583,MM,True,True,True
ENSMUSG00000030942,10090.ENSMUSP00000033236,Thumpd1,31.00969333333333,protein_coding,4.2967986702297365,MM,True,False,False
ENSMUSG00000019920,10090.ENSMUSP00000020078,Lims1,5.904163333333332,protein_coding,2.1865208414392083,MM,True,False,True
ENSMUSG00000028639,10090.ENSMUSP00000078589,Ybx1,1887.2639973333332,protein_coding,10.149889581992442,MM,True,True,True
ENSMUSG00000026499,10090.ENSMUSP00000027780,Acbd3,11.555836666666664,protein_coding,2.991330456624592,MM,True,False,False
ENSMUSG00000024976,10090.ENSMUSP00000025932,Shoc2,5.949823333333334,protein_coding,2.1950389713739917,MM,True,False,True
ENSMUSG00000031714,10090.ENSMUSP00000034150,Gab1,8.921294666666666,protein_coding,2.6706377069751683,MM,True,False,True
ENSMUSG00000035024,10090.ENSMUSP00000072871,Ncapd3,17.809049333333334,protein_coding,3.549535777896257,MM,True,True,True
ENSMUSG00000041133,10090.ENSMUSP00000044645,Smc1a,3.8005129999999996,protein_coding,1.7166494344581809,MM,True,False,True
ENSMUSG00000042670,10090.ENSMUSP00000049044,Immp1l,44.76988466666666,protein_coding,4.803637377962712,MM,True,False,True
ENSMUSG00000033809,10090.ENSMUSP00000045272,Alg3,6.044947666666667,protein_coding,2.212619451012096,MM,True,False,True
ENSMUSG00000071655,10090.ENSMUSP00000093974,Ubxn1,349.36082966666663,protein_coding,7.7219857976106105,MM,True,False,True
ENSMUSG00000055436,10090.ENSMUSP00000113685,Srsf11,141.85774233333333,protein_coding,6.432220315453788,MM,True,True,False
ENSMUSG00000025485,10090.ENSMUSP00000026558,Ric8a,12.093880666666665,protein_coding,3.0491727961818587,MM,True,True,True
ENSMUSG00000026484,10090.ENSMUSP00000075476,Rnf2,33.47991066666666,protein_coding,4.401980176722342,MM,True,False,True
ENSMUSG00000043020,10090.ENSMUSP00000124475,Wdr63,131.10993466666665,protein_coding,6.319540925310733,MM,True,True,True
ENSMUSG00000012443,10090.ENSMUSP00000012587,Kif11,26.719337666666664,protein_coding,4.0937876779021,MM,True,False,True
ENSMUSG00000039959,10090.ENSMUSP00000059033,Hip1,2.9580626666666667,protein_coding,1.4742122556534896,MM,True,False,True
ENSMUSG00000041712,10090.ENSMUSP00000041247,Ubr7,51.31209933333334,protein_coding,4.9942174512564295,MM,True,False,True
ENSMUSG00000026679,10090.ENSMUSP00000027992,Enkur,335.46722400000004,protein_coding,7.664200659508014,MM,True,False,True
ENSMUSG00000028292,10090.ENSMUSP00000029968,Rars2,46.76728166666667,protein_coding,4.864719005440763,MM,True,False,True
ENSMUSG00000041126,10090.ENSMUSP00000105359,H2afv,41.08528666666667,protein_coding,4.682279484983302,MM,True,False,False
ENSMUSG00000031897,10090.ENSMUSP00000034369,Psmb10,3.008877666666667,protein_coding,1.489994306636281,MM,True,False,True
ENSMUSG00000028233,10090.ENSMUSP00000054112,Tgs1,2.9276253333333337,protein_coding,1.4659711569641358,MM,True,False,False
ENSMUSG00000032046,10090.ENSMUSP00000053558,Abhd12,38.13557966666667,protein_coding,4.580704420464859,MM,True,False,False
ENSMUSG00000058655,10090.ENSMUSP00000127774,Eif4b,50.73252866666667,protein_coding,4.9778109512651145,MM,True,False,True
ENSMUSG00000022634,10090.ENSMUSP00000079179,Yaf2,7.3245733333333325,protein_coding,2.4350729205710886,MM,True,False,True
ENSMUSG00000053398,10090.ENSMUSP00000064755,Phgdh,1.489133,protein_coding,0.922541415063027,MM,True,False,True
ENSMUSG00000023952,10090.ENSMUSP00000024748,Gtpbp2,25.743468,protein_coding,4.042994901223006,MM,True,False,True
ENSMUSG00000035181,10090.ENSMUSP00000043115,Heatr5a,1.995677333333333,protein_coding,1.138074368291298,MM,True,False,False
ENSMUSG00000021709,10090.ENSMUSP00000140536,Erbin,11.906913,protein_coding,3.0296021244132834,MM,True,False,False
ENSMUSG00000022391,10090.ENSMUSP00000126849,Rangap1,34.24418333333333,protein_coding,4.432512792869644,MM,True,False,True
ENSMUSG00000056228,10090.ENSMUSP00000046453,Cars2,2.3215536666666665,protein_coding,1.2599437302426404,MM,True,False,True
ENSMUSG00000020390,10090.ENSMUSP00000020657,Ube2b,87.77843466666668,protein_coding,5.7492736025814155,MM,True,False,True
ENSMUSG00000037486,10090.ENSMUSP00000106846,Asxl2,22.48611766666666,protein_coding,3.861862257368407,MM,True,False,True
ENSMUSG00000020818,10090.ENSMUSP00000021173,Mfsd11,64.77508933333333,protein_coding,5.319350522905352,MM,True,False,False
ENSMUSG00000037933,10090.ENSMUSP00000039394,Bicd2,7.506321333333332,protein_coding,2.4631856066875386,MM,True,False,True
ENSMUSG00000021111,10090.ENSMUSP00000105527,Papola,67.54920433333334,protein_coding,5.381045949792386,MM,True,False,True
ENSMUSG00000022905,10090.ENSMUSP00000004054,Kpna1,10.550024666666667,protein_coding,2.8774642548855653,MM,True,False,True
ENSMUSG00000040812,10090.ENSMUSP00000129216,Agbl2,132.21796933333334,protein_coding,6.331187308802704,MM,True,False,False
ENSMUSG00000027613,10090.ENSMUSP00000029142,Eif6,28.96533133333333,protein_coding,4.202540043763542,MM,True,False,True
ENSMUSG00000078126,10090.ENSMUSP00000100528,Rpl23a-ps3,84.87631499999998,processed_pseudogene,5.702296316550709,MM,True,False,True
ENSMUSG00000022544,10090.ENSMUSP00000068003,Eef2kmt,12.491277666666667,protein_coding,3.0895267942885325,MM,True,False,True
ENSMUSG00000035569,10090.ENSMUSP00000095938,Ankrd11,64.79447933333334,protein_coding,5.321257121755768,MM,True,False,True
ENSMUSG00000022557,10090.ENSMUSP00000023217,Bop1,19.007871666666674,protein_coding,3.6355008431045808,MM,True,False,True
ENSMUSG00000023456,10090.ENSMUSP00000130858,Tpi1,206.40051266666663,protein_coding,6.967105269154913,MM,True,False,True
ENSMUSG00000036810,10090.ENSMUSP00000092839,Cnep1r1,17.029287666666665,protein_coding,3.4912609355204762,MM,True,False,True
ENSMUSG00000036743,10090.ENSMUSP00000042590,Psma8,365.91585299999997,protein_coding,7.788899674067485,MM,True,True,True
ENSMUSG00000018559,10090.ENSMUSP00000104234,Ctdnep1,31.65283466666667,protein_coding,4.324778591169373,MM,True,False,True
ENSMUSG00000037916,10090.ENSMUSP00000042967,Ndufv1,84.23824566666666,protein_coding,5.690521513000088,MM,True,False,True
ENSMUSG00000035984,10090.ENSMUSP00000078269,Nme5,298.51947033333335,protein_coding,7.496947006753866,MM,True,False,False
ENSMUSG00000002190,10090.ENSMUSP00000105457,Clgn,1499.2147216666665,protein_coding,9.818535174893045,MM,True,True,False
ENSMUSG00000048794,10090.ENSMUSP00000126515,Cfap100,21.62707833333333,protein_coding,3.8077363270759617,MM,True,False,True
ENSMUSG00000049717,10090.ENSMUSP00000093130,Lig4,17.144795666666667,protein_coding,3.499628600316524,MM,True,False,False
ENSMUSG00000036693,10090.ENSMUSP00000038382,Nop14,90.365733,protein_coding,5.790735970035128,MM,True,False,True
ENSMUSG00000046818,10090.ENSMUSP00000058896,Ddit4l,22.512780333333332,protein_coding,3.8610463320830313,MM,True,True,False
ENSMUSG00000032735,10090.ENSMUSP00000041243,Ablim3,4.579989666666666,protein_coding,1.9082647972347406,MM,True,False,False
ENSMUSG00000024826,10090.ENSMUSP00000120125,Dpf2,34.30191933333333,protein_coding,4.434846655699989,MM,True,False,False
ENSMUSG00000057778,10090.ENSMUSP00000078623,Cyb5d2,9.888208666666666,protein_coding,2.7967134058803684,MM,True,True,True
ENSMUSG00000037071,10090.ENSMUSP00000036936,Scd1,4.345974666666667,protein_coding,1.853690314257931,MM,True,False,False
ENSMUSG00000015697,10090.ENSMUSP00000015841,Setdb1,43.801232666666664,protein_coding,4.773426956385927,MM,True,True,True
ENSMUSG00000042350,10090.ENSMUSP00000048780,Arel1,16.920986333333335,protein_coding,3.4828103440774925,MM,True,False,True
ENSMUSG00000030815,10090.ENSMUSP00000033086,Phkg2,717.6397093333335,protein_coding,8.7565341298676,MM,True,True,True
ENSMUSG00000032786,10090.ENSMUSP00000108143,Alas1,88.91508466666666,protein_coding,5.7674785993171485,MM,True,False,True
ENSMUSG00000006941,10090.ENSMUSP00000007139,Eif1b,483.9835,protein_coding,8.190367362990264,MM,True,False,False
ENSMUSG00000079513,10090.ENSMUSP00000109591,4932429P05Rik,2.8325856666666667,protein_coding,1.4353862578231944,MM,True,False,True
ENSMUSG00000028057,10090.ENSMUSP00000029692,Rit1,31.65633866666667,protein_coding,4.324805156108565,MM,True,False,False
ENSMUSG00000004980,10090.ENSMUSP00000110103,Hnrnpa2b1,725.0741576666666,protein_coding,8.77225227740624,MM,True,True,True
ENSMUSG00000022698,10090.ENSMUSP00000070140,Naa50,16.918130333333334,protein_coding,3.482620074883311,MM,True,False,True
ENSMUSG00000044894,10090.ENSMUSP00000053145,Uqcrq,961.8530880000001,protein_coding,9.178535890629178,MM,True,False,True
ENSMUSG00000029708,10090.ENSMUSP00000087997,Gcc1,10.640658666666663,protein_coding,2.8875131832460137,MM,True,False,True
ENSMUSG00000025188,10090.ENSMUSP00000125662,Hps1,1.0593203333333332,protein_coding,0.7113178077175533,MM,True,False,True
ENSMUSG00000051557,10090.ENSMUSP00000095344,Pusl1,11.291226333333334,protein_coding,2.9616552437805694,MM,True,False,True
ENSMUSG00000022075,10090.ENSMUSP00000022665,Rhobtb2,1.3469153333333337,protein_coding,0.8556875764939007,MM,True,False,True
ENSMUSG00000020485,10090.ENSMUSP00000091487,Supt4a,48.90533966666666,protein_coding,4.926503071650346,MM,True,False,True
ENSMUSG00000037351,10090.ENSMUSP00000047326,Actr1b,16.808190999999994,protein_coding,3.4735420698626926,MM,True,False,True
ENSMUSG00000027001,10090.ENSMUSP00000028384,Dusp19,17.065141,protein_coding,3.493831373441138,MM,True,False,False
ENSMUSG00000026798,10090.ENSMUSP00000028137,Coq4,41.34947733333335,protein_coding,4.692835446379036,MM,True,False,False
ENSMUSG00000032010,10090.ENSMUSP00000034508,Usp2,160.01587433333333,protein_coding,6.603548929401476,MM,True,False,True
ENSMUSG00000025220,10090.ENSMUSP00000026243,Oga,58.22027833333333,protein_coding,5.169662139833649,MM,True,False,True
ENSMUSG00000059263,10090.ENSMUSP00000102264,Usp47,282.865387,protein_coding,7.419408689152744,MM,True,False,False
ENSMUSG00000024598,10090.ENSMUSP00000025497,Fbn2,10.873379333333332,protein_coding,2.9145508745903506,MM,True,True,True
ENSMUSG00000029405,10090.ENSMUSP00000128244,G3bp2,58.39541366666668,protein_coding,5.174951228127184,MM,True,False,True
ENSMUSG00000046756,10090.ENSMUSP00000053033,Mrps7,6.779978666666668,protein_coding,2.343876420714306,MM,True,False,True
ENSMUSG00000025532,10090.ENSMUSP00000026608,Crcp,208.6718546666667,protein_coding,6.982745021977795,MM,True,False,True
ENSMUSG00000028557,10090.ENSMUSP00000030284,Rnf11,7.448202333333334,protein_coding,2.454211696852029,MM,True,False,False
ENSMUSG00000024498,10090.ENSMUSP00000025375,Tcerg1,72.92848199999999,protein_coding,5.488153465122718,MM,True,True,False
ENSMUSG00000022174,10090.ENSMUSP00000122366,Dad1,140.35004933333332,protein_coding,6.416228887468652,MM,True,False,True
ENSMUSG00000026970,10090.ENSMUSP00000028347,Rbms1,12.258026333333332,protein_coding,3.0652677832613837,MM,True,False,False
ENSMUSG00000021023,10090.ENSMUSP00000021411,1110008L16Rik,5.340115333333333,protein_coding,2.0744379583081467,MM,True,False,True
ENSMUSG00000032113,10090.ENSMUSP00000134388,Chek1,3.401551333333334,protein_coding,1.60657314656883,MM,True,False,True
ENSMUSG00000002342,10090.ENSMUSP00000002413,Tmem161a,2.1973236666666667,protein_coding,1.2147376132930074,MM,True,False,True
ENSMUSG00000003437,10090.ENSMUSP00000003529,Paf1,65.95702,protein_coding,5.346319126851752,MM,True,False,True
ENSMUSG00000063543,10090.ENSMUSP00000130867,Gm5616,12.693672666666664,processed_pseudogene,3.109449046444282,MM,True,False,True
ENSMUSG00000019777,10090.ENSMUSP00000019911,Hdac2,44.917609000000006,protein_coding,4.808842243539761,MM,True,False,True
ENSMUSG00000025289,10090.ENSMUSP00000026328,Prdx4,36.46094233333333,protein_coding,4.519391647471071,MM,True,False,True
ENSMUSG00000035293,10090.ENSMUSP00000113270,G2e3,9.806402333333333,protein_coding,2.7857676545553174,MM,True,False,False
ENSMUSG00000025790,10090.ENSMUSP00000026897,Slco3a1,29.886326,protein_coding,4.246114704358529,MM,True,True,False
ENSMUSG00000028696,10090.ENSMUSP00000102088,Ipp,22.467406,protein_coding,3.859502915256208,MM,True,False,True
ENSMUSG00000019302,10090.ENSMUSP00000044838,Atp6v0a1,11.436948666666664,protein_coding,2.9777163605117702,MM,True,True,False
ENSMUSG00000023088,10090.ENSMUSP00000097743,Abcc1,2.128623,protein_coding,1.1892055033215,MM,True,False,False
ENSMUSG00000017288,10090.ENSMUSP00000061317,Vps53,19.068656666666666,protein_coding,3.6399534847972626,MM,True,False,True
ENSMUSG00000066036,10090.ENSMUSP00000095433,Ubr4,42.061218333333336,protein_coding,4.716691316659869,MM,True,False,True
ENSMUSG00000024742,10090.ENSMUSP00000025651,Fen1,5.788072666666667,protein_coding,2.1638212630874474,MM,True,False,False
ENSMUSG00000025898,10090.ENSMUSP00000027027,Cwf19l2,13.542275333333334,protein_coding,3.1936123811758588,MM,True,True,False
ENSMUSG00000001687,10090.ENSMUSP00000078303,Ubl3,37.17810333333333,protein_coding,4.5461054474426525,MM,True,False,False
ENSMUSG00000052253,10090.ENSMUSP00000059678,Zfp622,11.126337,protein_coding,2.9431185435834792,MM,True,False,True
ENSMUSG00000027109,10090.ENSMUSP00000099750,Sp3,9.913543333333333,protein_coding,2.800125769399112,MM,True,False,False
ENSMUSG00000021244,10090.ENSMUSP00000021670,Ylpm1,142.99851,protein_coding,6.443717098061888,MM,True,False,False
ENSMUSG00000033065,10090.ENSMUSP00000059801,Pfkm,155.75169366666663,protein_coding,6.564818608075103,MM,True,True,True
ENSMUSG00000031681,10090.ENSMUSP00000071035,Smad1,19.347606666666664,protein_coding,3.659974207258725,MM,True,False,True
ENSMUSG00000031748,10090.ENSMUSP00000114144,Gnao1,20.636926000000003,protein_coding,3.7456498201047084,MM,True,True,True
ENSMUSG00000024480,10090.ENSMUSP00000025357,Ap3s1,42.06952533333333,protein_coding,4.717762009010706,MM,True,False,False
ENSMUSG00000030733,10090.ENSMUSP00000032978,Sh2b1,18.104878666666668,protein_coding,3.570753950418983,MM,True,False,True
ENSMUSG00000007815,10090.ENSMUSP00000007959,Rhoa,62.611964,protein_coding,5.272978732685682,MM,True,False,True
ENSMUSG00000070871,10090.ENSMUSP00000109711,Ccnyl1,75.82063766666667,protein_coding,5.542478750778493,MM,True,True,True
ENSMUSG00000012535,10090.ENSMUSP00000012679,Tnpo3,35.054383666666666,protein_coding,4.464985585809292,MM,True,True,False
ENSMUSG00000011158,10090.ENSMUSP00000011302,Brf1,55.63994833333334,protein_coding,5.106627522884007,MM,True,True,True
ENSMUSG00000038774,10090.ENSMUSP00000036726,Ascc3,14.037481,protein_coding,3.2400328872953095,MM,True,False,True
ENSMUSG00000028550,10090.ENSMUSP00000030279,Atg4c,28.040784,protein_coding,4.159569718092328,MM,True,True,True
ENSMUSG00000014226,10090.ENSMUSP00000014370,Cacybp,128.73822500000003,protein_coding,6.293796842012729,MM,True,False,False
ENSMUSG00000037646,10090.ENSMUSP00000045490,Vps13b,6.665686666666668,protein_coding,2.3247641446285425,MM,True,False,True
ENSMUSG00000045031,10090.ENSMUSP00000100020,Cetn4,1298.2858483333332,protein_coding,9.61153753507263,MM,True,True,True
ENSMUSG00000020456,10090.ENSMUSP00000003461,Ogdh,36.343046666666666,protein_coding,4.5146948470029695,MM,True,False,True
ENSMUSG00000027384,10090.ENSMUSP00000035325,Ndufaf5,18.560919333333327,protein_coding,3.604741578210953,MM,True,False,True
ENSMUSG00000025648,10090.ENSMUSP00000057197,Pfkfb4,16.62656133333333,protein_coding,3.459112266792006,MM,True,False,False
ENSMUSG00000024070,10090.ENSMUSP00000113395,Prkd3,1.2754196666666668,protein_coding,0.8215545778679758,MM,True,False,False
ENSMUSG00000078908,10090.ENSMUSP00000045089,Mon1b,3.942015333333333,protein_coding,1.752816657608998,MM,True,False,True
ENSMUSG00000029136,10090.ENSMUSP00000031018,Rbks,17.235097666666665,protein_coding,3.506255028814976,MM,True,False,True
ENSMUSG00000074698,10090.ENSMUSP00000096829,Csnk2a1,4.140270666666667,protein_coding,1.8032590041083993,MM,True,False,True
ENSMUSG00000025873,10090.ENSMUSP00000121182,Faf2,23.25951,protein_coding,3.906201880991996,MM,True,False,True
ENSMUSG00000015575,10090.ENSMUSP00000127552,Atp6v0e,39.78480133333333,protein_coding,4.639108903660443,MM,True,False,False
ENSMUSG00000029439,10090.ENSMUSP00000062413,Sfswap,22.60134,protein_coding,3.8671170664257204,MM,True,False,False
ENSMUSG00000031367,10090.ENSMUSP00000107913,Ap1s2,1.894298,protein_coding,1.0975678746868776,MM,True,False,True
ENSMUSG00000035161,10090.ENSMUSP00000086788,Ints6,70.59832,protein_coding,5.442035119083165,MM,True,False,True
ENSMUSG00000032252,10090.ENSMUSP00000139949,Glce,1.2231363333333334,protein_coding,0.795554461494594,MM,True,False,True
ENSMUSG00000020696,10090.ENSMUSP00000021036,Rffl,20.904743666666665,protein_coding,3.763709254537597,MM,True,False,False
ENSMUSG00000058927,10090.ENSMUSP00000072829,Gm10053,4.038862666666667,protein_coding,1.7783602687178286,MM,True,False,True
ENSMUSG00000033039,10090.ENSMUSP00000042053,Micall1,18.060176000000002,protein_coding,3.567664207124691,MM,True,False,False
ENSMUSG00000010517,10090.ENSMUSP00000099785,Faf1,67.67560066666668,protein_coding,5.3825461470381315,MM,True,True,True
ENSMUSG00000002957,10090.ENSMUSP00000003038,Ap2a2,11.267050999999999,protein_coding,2.9592986370748253,MM,True,False,True
ENSMUSG00000015095,10090.ENSMUSP00000015239,Fbxw5,285.38700366666666,protein_coding,7.4310256909370835,MM,True,True,True
ENSMUSG00000006498,10090.ENSMUSP00000126192,Ptbp1,44.05823766666666,protein_coding,4.781193767820569,MM,True,False,True
ENSMUSG00000014550,10090.ENSMUSP00000014694,Rbsn,5.972897,protein_coding,2.1994535358533893,MM,True,False,True
ENSMUSG00000090124,10090.ENSMUSP00000058683,Ugt1a7c,13.487956333333333,protein_coding,3.1877892796471383,MM,True,False,False
ENSMUSG00000002068,10090.ENSMUSP00000103658,Ccne1,9.286183666666666,protein_coding,2.7191771599430106,MM,True,True,True
ENSMUSG00000024472,10090.ENSMUSP00000025350,Dcp2,2.2486683333333333,protein_coding,1.2342478712076412,MM,True,False,True
ENSMUSG00000020257,10090.ENSMUSP00000020490,Wdr82,19.662827666666665,protein_coding,3.682145069476887,MM,True,False,True
ENSMUSG00000034075,10090.ENSMUSP00000048198,Zdhhc5,67.36797333333332,protein_coding,5.37581161693111,MM,True,False,True
ENSMUSG00000032459,10090.ENSMUSP00000035034,Mrps22,62.78154900000001,protein_coding,5.277098457096954,MM,True,False,True
ENSMUSG00000025825,10090.ENSMUSP00000026937,Iscu,127.53494266666668,protein_coding,6.280588419272237,MM,True,False,True
ENSMUSG00000039934,10090.ENSMUSP00000043679,Gsap,1.212084333333333,protein_coding,0.7899489944051279,MM,True,False,True
ENSMUSG00000041068,10090.ENSMUSP00000039186,4930596D02Rik,9.869330666666665,protein_coding,2.794747102296888,MM,True,False,True
ENSMUSG00000037890,10090.ENSMUSP00000038098,Wdr19,19.163176666666672,protein_coding,3.6467567822760563,MM,True,True,False
ENSMUSG00000026020,10090.ENSMUSP00000140250,Nop58,68.09682733333334,protein_coding,5.390273348215806,MM,True,False,True
ENSMUSG00000002658,10090.ENSMUSP00000002733,Gtf2f1,188.77844766666664,protein_coding,6.839373323152496,MM,True,False,True
ENSMUSG00000008682,10090.ENSMUSP00000008826,Rpl10,17.364138666666666,protein_coding,3.5167272808734205,MM,True,False,True
ENSMUSG00000038342,10090.ENSMUSP00000064943,Mlxip,3.821503,protein_coding,1.7217749683631982,MM,True,False,True
ENSMUSG00000039826,10090.ENSMUSP00000041848,Trub2,9.889457333333333,protein_coding,2.7962782271914666,MM,True,True,True
ENSMUSG00000037570,10090.ENSMUSP00000043901,Mcrs1,72.81788866666666,protein_coding,5.484925510896818,MM,True,False,True
ENSMUSG00000034321,10090.ENSMUSP00000074756,Exosc1,26.128493,protein_coding,4.063221077279277,MM,True,False,True
ENSMUSG00000060657,10090.ENSMUSP00000087770,Marf1,12.736257333333333,protein_coding,3.1146942319495747,MM,True,False,True
ENSMUSG00000010110,10090.ENSMUSP00000134854,Stx5a,56.27850333333333,protein_coding,5.12300124927508,MM,True,False,True
ENSMUSG00000024026,10090.ENSMUSP00000024823,Glo1,25.25829533333333,protein_coding,4.016976157861444,MM,True,False,True
ENSMUSG00000032508,10090.ENSMUSP00000035092,Myd88,21.098143666666672,protein_coding,3.7747941215431764,MM,True,True,True
ENSMUSG00000062797,10090.ENSMUSP00000119806,Hikeshi,1.363973,protein_coding,0.8638692205393745,MM,True,False,True
ENSMUSG00000000881,10090.ENSMUSP00000085299,Dlg3,1.7232853333333331,protein_coding,1.0262386857120147,MM,True,False,True
ENSMUSG00000032026,10090.ENSMUSP00000034524,Rexo2,98.63905066666666,protein_coding,5.915054164246294,MM,True,True,True
ENSMUSG00000030064,10090.ENSMUSP00000108982,Frmd4b,3.396554,protein_coding,1.6057370541043303,MM,True,False,False
ENSMUSG00000032560,10090.ENSMUSP00000035170,Dnajc13,10.147405000000001,protein_coding,2.8288203679686266,MM,True,False,True
ENSMUSG00000038187,10090.ENSMUSP00000048530,Btbd10,69.68693033333334,protein_coding,5.423724662749318,MM,True,False,False
ENSMUSG00000038007,10090.ENSMUSP00000040048,Acer2,10.985793,protein_coding,2.928181362604574,MM,True,False,True
ENSMUSG00000028032,10090.ENSMUSP00000029666,Papss1,2.706393333333333,protein_coding,1.3933579862501102,MM,True,False,True
ENSMUSG00000040464,10090.ENSMUSP00000111101,Gtpbp10,11.32318,protein_coding,2.966007034968078,MM,True,False,False
ENSMUSG00000079104,10090.ENSMUSP00000133736,Prps1l3,19.152501333333333,protein_coding,3.6464867662080303,MM,True,False,True
ENSMUSG00000003429,10090.ENSMUSP00000003521,Rps11,254.05225633333333,protein_coding,7.264762281665506,MM,True,False,True
ENSMUSG00000014748,10090.ENSMUSP00000014892,Tex261,31.17166133333333,protein_coding,4.303516558613582,MM,True,True,False
ENSMUSG00000053825,10090.ENSMUSP00000029404,Ppfia2,3.116578333333333,protein_coding,1.5237772151876583,MM,True,False,True
ENSMUSG00000059890,10090.ENSMUSP00000113346,Ube4a,26.71273,protein_coding,4.093057049391011,MM,True,True,True
ENSMUSG00000024537,10090.ENSMUSP00000025418,Psmg2,39.59958666666667,protein_coding,4.633678594099934,MM,True,False,False
ENSMUSG00000035575,10090.ENSMUSP00000046643,Utp6,3.605055333333334,protein_coding,1.6642188530831805,MM,True,False,True
ENSMUSG00000031028,10090.ENSMUSP00000033341,Tub,8.521626666666666,protein_coding,2.614976060579291,MM,True,False,False
ENSMUSG00000024726,10090.ENSMUSP00000025632,Carnmt1,15.75959,protein_coding,3.389736768113822,MM,True,False,True
ENSMUSG00000025340,10090.ENSMUSP00000026390,Rabgef1,4.6649156666666665,protein_coding,1.9277299938966037,MM,True,False,True
ENSMUSG00000020536,10090.ENSMUSP00000060749,Llgl1,1.1822673333333331,protein_coding,0.7747169301815973,MM,True,False,True
ENSMUSG00000048000,10090.ENSMUSP00000027475,Gigyf2,29.213005,protein_coding,4.2148576523318795,MM,True,False,True
ENSMUSG00000091971,10090.ENSMUSP00000084586,Hspa1a,2.885113,protein_coding,1.4511201834554757,MM,True,False,True
ENSMUSG00000040842,10090.ENSMUSP00000099545,Szrd1,9.354111,protein_coding,2.727459371773208,MM,True,False,False
ENSMUSG00000038005,10090.ENSMUSP00000047235,Hpf1,91.07990533333331,protein_coding,5.801926586742784,MM,True,False,False
ENSMUSG00000028430,10090.ENSMUSP00000030138,Nol6,5.252911,protein_coding,2.0561072910476064,MM,True,False,True
ENSMUSG00000028568,10090.ENSMUSP00000099803,Btf3l4,179.23529033333332,protein_coding,6.765351971313626,MM,True,True,True
ENSMUSG00000004637,10090.ENSMUSP00000004756,Wwox,20.346946666666668,protein_coding,3.726830526921407,MM,True,False,False
ENSMUSG00000025737,10090.ENSMUSP00000026833,Wdr24,20.250128333333333,protein_coding,3.719800735138861,MM,True,True,True
ENSMUSG00000003360,10090.ENSMUSP00000003450,Ddx23,32.51427733333333,protein_coding,4.36111209736187,MM,True,False,True
ENSMUSG00000029131,10090.ENSMUSP00000008733,Dnajb6,730.6664633333335,protein_coding,8.783214516173409,MM,True,False,True
ENSMUSG00000030051,10090.ENSMUSP00000032130,Aplf,5.1393606666666685,protein_coding,2.0327363355697288,MM,True,False,True
ENSMUSG00000055523,10090.ENSMUSP00000068253,Gucy2g,1.2145093333333332,protein_coding,0.7912345156629761,MM,True,False,False
ENSMUSG00000025280,10090.ENSMUSP00000026322,Polr3a,4.798697,protein_coding,1.9584425618219719,MM,True,False,True
ENSMUSG00000058355,10090.ENSMUSP00000079379,Abce1,33.62975466666666,protein_coding,4.408349760720374,MM,True,False,True
ENSMUSG00000027122,10090.ENSMUSP00000028536,Arl14ep,77.98451266666667,protein_coding,5.5823803721013086,MM,True,False,True
ENSMUSG00000008855,10090.ENSMUSP00000102770,Hdac5,5.761681666666667,protein_coding,2.1579057270223174,MM,True,False,True
ENSMUSG00000023170,10090.ENSMUSP00000054072,Gps2,152.478424,protein_coding,6.534548521149926,MM,True,False,False
ENSMUSG00000079317,10090.ENSMUSP00000112195,Trappc2,1.169853,protein_coding,0.7693164357801963,MM,True,False,False
ENSMUSG00000028779,10090.ENSMUSP00000112638,Pef1,31.568420000000003,protein_coding,4.320628434910526,MM,True,False,False
ENSMUSG00000028010,10090.ENSMUSP00000029643,Gar1,65.43341966666667,protein_coding,5.335878364613966,MM,True,True,True
ENSMUSG00000042851,10090.ENSMUSP00000105949,Zc3h6,13.797854666666666,protein_coding,3.2171699045674225,MM,True,False,False
ENSMUSG00000029464,10090.ENSMUSP00000031420,Gpn3,24.957439333333333,protein_coding,4.001333725948334,MM,True,False,True
ENSMUSG00000078193,10090.ENSMUSP00000099843,Gm2000,121.06615666666666,protein_coding,6.205192787410156,MM,True,False,True
ENSMUSG00000014529,10090.ENSMUSP00000014673,Tmbim7,384.3032126666667,protein_coding,7.859130410678151,MM,True,False,True
ENSMUSG00000036840,10090.ENSMUSP00000044123,Siah1a,31.969283,protein_coding,4.3387889529035,MM,True,False,True
ENSMUSG00000038722,10090.ENSMUSP00000125590,Bud31,301.481191,protein_coding,7.510807261567267,MM,True,False,True
ENSMUSG00000025451,10090.ENSMUSP00000026520,Paip1,126.09331533333336,protein_coding,6.2644586895098735,MM,True,True,True
ENSMUSG00000002900,10090.ENSMUSP00000002979,Lamb1,2.6862403333333336,protein_coding,1.3872634532555357,MM,True,False,True
ENSMUSG00000001569,10090.ENSMUSP00000001611,Nom1,8.763406333333332,protein_coding,2.6487884601067213,MM,True,False,True
ENSMUSG00000004865,10090.ENSMUSP00000116259,Srpk1,216.04972866666668,protein_coding,7.033008881288604,MM,True,False,True
ENSMUSG00000038615,10090.ENSMUSP00000103286,Nfe2l1,22.962824666666666,protein_coding,3.8884050788855444,MM,True,False,False
ENSMUSG00000030079,10090.ENSMUSP00000032165,Ruvbl1,78.794764,protein_coding,5.596701838146089,MM,True,False,True
ENSMUSG00000023104,10090.ENSMUSP00000023867,Rfc2,74.09991699999998,protein_coding,5.510315725618065,MM,True,False,True
ENSMUSG00000034994,10090.ENSMUSP00000046101,Eef2,744.6956993333333,protein_coding,8.80964705298368,MM,True,False,True
ENSMUSG00000053624,10090.ENSMUSP00000067598,Gykl1,357.78182966666674,protein_coding,7.756540918128093,MM,True,False,False
ENSMUSG00000073468,10090.ENSMUSP00000117294,Sft2d1,8.992284,protein_coding,2.679829569402151,MM,True,False,False
ENSMUSG00000020372,10090.ENSMUSP00000020640,Rack1,233.45003766666667,protein_coding,7.143623508788078,MM,True,False,True
ENSMUSG00000030105,10090.ENSMUSP00000032196,Arl8b,74.026052,protein_coding,5.50891477237439,MM,True,False,False
ENSMUSG00000022092,10090.ENSMUSP00000077532,Ppp3cc,206.61178066666665,protein_coding,6.969126036567374,MM,True,False,True
ENSMUSG00000044465,10090.ENSMUSP00000112711,Fam160a2,15.157435000000001,protein_coding,3.33827241152018,MM,True,False,True
ENSMUSG00000028098,10090.ENSMUSP00000029740,Rnf115,21.358283333333333,protein_coding,3.790948229091012,MM,True,False,True
ENSMUSG00000024271,10090.ENSMUSP00000025120,Elp2,30.35297733333333,protein_coding,4.267724249971931,MM,True,False,True
ENSMUSG00000032540,10090.ENSMUSP00000122274,Abhd5,67.07428966666667,protein_coding,5.369455874533523,MM,True,True,True
ENSMUSG00000038429,10090.ENSMUSP00000041299,Usp5,26.49640166666667,protein_coding,4.0819345482960765,MM,True,True,True
ENSMUSG00000038708,10090.ENSMUSP00000081880,Golga4,270.5381673333333,protein_coding,7.355312066040178,MM,True,True,True
ENSMUSG00000032217,10090.ENSMUSP00000034739,Rnf111,7.983298666666666,protein_coding,2.5366664126457197,MM,True,False,True
ENSMUSG00000022437,10090.ENSMUSP00000023071,Samm50,18.052107000000003,protein_coding,3.5685516328284113,MM,True,False,True
ENSMUSG00000063358,10090.ENSMUSP00000065983,Mapk1,17.572181333333333,protein_coding,3.533008755039866,MM,True,False,True
ENSMUSG00000020397,10090.ENSMUSP00000104855,Med7,91.386803,protein_coding,5.807103931401191,MM,True,False,True
ENSMUSG00000063511,10090.ENSMUSP00000074160,Snrnp70,146.01226066666666,protein_coding,6.47103017875783,MM,True,False,True
ENSMUSG00000024387,10090.ENSMUSP00000025246,Csnk2b,1338.3707276666667,protein_coding,9.654552814604623,MM,True,False,True
ENSMUSG00000033419,10090.ENSMUSP00000096096,Snap91,1.5268113333333335,protein_coding,0.9398368822986093,MM,True,False,True
ENSMUSG00000034868,10090.ENSMUSP00000042364,Myl12b,22.230892666666666,protein_coding,3.8453215677797425,MM,True,False,True
ENSMUSG00000053040,10090.ENSMUSP00000130359,Aph1c,5.78091,protein_coding,2.161466257162765,MM,True,True,True
ENSMUSG00000055762,10090.ENSMUSP00000087110,Eef1d,146.16462199999995,protein_coding,6.473902900412069,MM,True,False,True
ENSMUSG00000050174,10090.ENSMUSP00000056219,Nudt6,2.307868,protein_coding,1.2555218824494623,MM,True,False,False
ENSMUSG00000058446,10090.ENSMUSP00000078795,Znrf2,48.05272033333333,protein_coding,4.902678290794711,MM,True,True,True
ENSMUSG00000024142,10090.ENSMUSP00000136287,Mlst8,6.214643,protein_coding,2.243972250644201,MM,True,False,True
ENSMUSG00000021944,10090.ENSMUSP00000066927,Gata4,2.071951,protein_coding,1.1674300820975037,MM,True,False,False
ENSMUSG00000024357,10090.ENSMUSP00000025215,Sil1,158.44561766666666,protein_coding,6.589356528280379,MM,True,False,True
ENSMUSG00000032258,10090.ENSMUSP00000034791,Lca5,12.247353666666667,protein_coding,3.065105870494058,MM,True,False,True
ENSMUSG00000091896,10090.ENSMUSP00000132446,Ube2d2a,143.09714,protein_coding,6.444955254639969,MM,True,False,True
ENSMUSG00000029782,10090.ENSMUSP00000110813,Tmem209,33.771619333333334,protein_coding,4.414003392668716,MM,True,False,True
ENSMUSG00000030304,10090.ENSMUSP00000120456,Ergic2,87.23537466666666,protein_coding,5.7408889206800815,MM,True,False,True
ENSMUSG00000034032,10090.ENSMUSP00000097127,Rpap1,11.204375666666666,protein_coding,2.951634416832916,MM,True,False,True
ENSMUSG00000078578,10090.ENSMUSP00000130096,Ube2d3,185.86294566666663,protein_coding,6.817788552585311,MM,True,False,False
ENSMUSG00000059474,10090.ENSMUSP00000103486,Mbtd1,62.96390933333333,protein_coding,5.281068172782789,MM,True,True,False
ENSMUSG00000023908,10090.ENSMUSP00000024701,Pkmyt1,30.100515666666666,protein_coding,4.255223371656366,MM,True,True,True
ENSMUSG00000019087,10090.ENSMUSP00000019231,Atp6ap1,4.063127333333333,protein_coding,1.7836223225354169,MM,True,False,True
ENSMUSG00000036676,10090.ENSMUSP00000061470,Tmtc3,3.5448199999999996,protein_coding,1.6475582771639374,MM,True,False,False
ENSMUSG00000034706,10090.ENSMUSP00000065787,Dnaic2,72.411565,protein_coding,5.477345484653257,MM,True,True,True
ENSMUSG00000025103,10090.ENSMUSP00000026093,Btbd1,328.0766193333333,protein_coding,7.632077903909281,MM,True,True,True
ENSMUSG00000026864,10090.ENSMUSP00000097747,Hspa5,532.2665203333332,protein_coding,8.32752925389421,MM,True,False,True
ENSMUSG00000021816,10090.ENSMUSP00000125722,Ppp3cb,23.53415766666667,protein_coding,3.9222616706966638,MM,True,False,True
ENSMUSG00000063808,10090.ENSMUSP00000078632,Gpatch1,6.871252666666668,protein_coding,2.359724966224635,MM,True,True,True
ENSMUSG00000021374,10090.ENSMUSP00000021803,Nup153,40.92231366666667,protein_coding,4.6793297886565,MM,True,False,True
ENSMUSG00000015750,10090.ENSMUSP00000058846,Aph1a,1.1707043333333331,protein_coding,0.7688353054232973,MM,True,False,True
ENSMUSG00000033596,10090.ENSMUSP00000043780,Rfwd3,22.023585,protein_coding,3.8327971387366597,MM,True,False,False
ENSMUSG00000028134,10090.ENSMUSP00000029780,Ptbp2,146.11336233333338,protein_coding,6.474115419545743,MM,True,True,False
ENSMUSG00000018076,10090.ENSMUSP00000098379,Med13l,2.5490486666666667,protein_coding,1.3409750324836573,MM,True,False,True
ENSMUSG00000031862,10090.ENSMUSP00000034326,Atp13a1,8.542436,protein_coding,2.6166281573577312,MM,True,False,True
ENSMUSG00000032525,10090.ENSMUSP00000035112,Nktr,83.81611866666667,protein_coding,5.684426215390693,MM,True,True,False
ENSMUSG00000092192,10090.ENSMUSP00000034734,Dnaaf4,117.310318,protein_coding,6.160998115642803,MM,True,True,True
ENSMUSG00000008036,10090.ENSMUSP00000083281,Ap2s1,127.67559566666668,protein_coding,6.281237540213389,MM,True,False,True
ENSMUSG00000057841,10090.ENSMUSP00000080523,Rpl32,708.1348469999998,protein_coding,8.737619564980612,MM,True,False,True
ENSMUSG00000027677,10090.ENSMUSP00000103845,Ttc14,7.677731666666666,protein_coding,2.489488816437368,MM,True,False,True
ENSMUSG00000056612,10090.ENSMUSP00000064129,Ppp1r14b,180.06024666666667,protein_coding,6.771092159749025,MM,True,False,False
ENSMUSG00000032652,10090.ENSMUSP00000035304,Crebl2,3.056658666666667,protein_coding,1.5050731708198732,MM,True,False,True
ENSMUSG00000029062,10090.ENSMUSP00000070527,Cdk11b,132.8240483333333,protein_coding,6.338472943575624,MM,True,False,False
ENSMUSG00000029446,10090.ENSMUSP00000031399,Psph,19.849750666666665,protein_coding,3.6937790910896666,MM,True,False,True
ENSMUSG00000080268,10090.ENSMUSP00000112266,Brms1,125.241268,protein_coding,6.2516417555154975,MM,True,True,False
ENSMUSG00000027702,10090.ENSMUSP00000029252,Lrrc34,400.88208,protein_coding,7.920048462791444,MM,True,False,True
ENSMUSG00000019173,10090.ENSMUSP00000019317,Rab5c,22.08696133333333,protein_coding,3.8360827485121476,MM,True,False,True
ENSMUSG00000028436,10090.ENSMUSP00000030145,Dcaf12,52.55374533333333,protein_coding,5.027274742973632,MM,True,False,False
ENSMUSG00000022204,10090.ENSMUSP00000022815,Ngdn,25.90754966666667,protein_coding,4.051640515483737,MM,True,False,True
ENSMUSG00000015597,10090.ENSMUSP00000109109,Zfp318,159.3545326666666,protein_coding,6.597305262434663,MM,True,True,False
ENSMUSG00000029580,10090.ENSMUSP00000098066,Actb,160.02492766666666,protein_coding,6.603287896258015,MM,True,False,True
ENSMUSG00000029777,10090.ENSMUSP00000003572,Gars,63.49499233333333,protein_coding,5.292652514276729,MM,True,False,True
ENSMUSG00000032042,10090.ENSMUSP00000034541,Srpr,12.755467666666664,protein_coding,3.11718463503371,MM,True,False,True
ENSMUSG00000024556,10090.ENSMUSP00000025439,Me2,6.058611666666668,protein_coding,2.215268765386814,MM,True,False,True
ENSMUSG00000036550,10090.ENSMUSP00000096073,Cnot1,167.054652,protein_coding,6.665462859287992,MM,True,False,True
ENSMUSG00000053289,10090.ENSMUSP00000065198,Ddx10,25.387109,protein_coding,4.024786641261732,MM,True,False,True
ENSMUSG00000028684,10090.ENSMUSP00000030446,Urod,14.909653999999998,protein_coding,3.3165405946382167,MM,True,False,True
ENSMUSG00000033047,10090.ENSMUSP00000038839,Eif3l,195.013402,protein_coding,6.886547322572159,MM,True,False,True
ENSMUSG00000038861,10090.ENSMUSP00000072134,Pi4kb,11.996559333333332,protein_coding,3.038950761146545,MM,True,True,True
ENSMUSG00000004364,10090.ENSMUSP00000130738,Cul3,391.07157366666667,protein_coding,7.884640442586926,MM,True,False,True
ENSMUSG00000032583,10090.ENSMUSP00000035202,Mon1a,7.5389133333333325,protein_coding,2.4681610029946723,MM,True,False,True
ENSMUSG00000050891,10090.ENSMUSP00000105783,Tatdn1,9.620777333333336,protein_coding,2.763204327101337,MM,True,True,False
ENSMUSG00000021025,10090.ENSMUSP00000021413,Nfkbia,10.723369333333332,protein_coding,2.897107058875721,MM,True,False,True
ENSMUSG00000008475,10090.ENSMUSP00000076933,Arpc5,5.035927,protein_coding,2.010258393443107,MM,True,False,True
ENSMUSG00000030685,10090.ENSMUSP00000032924,Kctd13,30.29792466666667,protein_coding,4.264315280876606,MM,True,False,False
ENSMUSG00000039686,10090.ENSMUSP00000046441,Zer1,35.99205766666667,protein_coding,4.501046793412347,MM,True,False,True
ENSMUSG00000037315,10090.ENSMUSP00000111042,Jade3,1.1974766666666667,protein_coding,0.7828524888164121,MM,True,False,True
ENSMUSG00000040029,10090.ENSMUSP00000046759,Ipo8,3.5995059999999994,protein_coding,1.6623881231064623,MM,True,False,True
ENSMUSG00000027931,10090.ENSMUSP00000029540,Npr1,5.818946333333334,protein_coding,2.169583950772441,MM,True,False,False
ENSMUSG00000031930,10090.ENSMUSP00000132224,Wwp2,12.780669333333336,protein_coding,3.1186869145894125,MM,True,False,False
ENSMUSG00000034327,10090.ENSMUSP00000114489,Kctd9,74.02609266666667,protein_coding,5.508899015288982,MM,True,False,True
ENSMUSG00000006169,10090.ENSMUSP00000104883,Clint1,23.26913933333334,protein_coding,3.906471287501217,MM,True,False,False
ENSMUSG00000038416,10090.ENSMUSP00000047950,Cdc16,16.173422666666667,protein_coding,3.424066829731703,MM,True,False,True
ENSMUSG00000052713,10090.ENSMUSP00000068192,Zfp608,23.39369433333333,protein_coding,3.913565675932319,MM,True,False,False
ENSMUSG00000060002,10090.ENSMUSP00000112708,Chpt1,36.142662,protein_coding,4.508279135263103,MM,True,False,True
ENSMUSG00000040158,10090.ENSMUSP00000047410,Tax1bp3,2.886515333333333,protein_coding,1.4523993371397768,MM,True,False,False
ENSMUSG00000036403,10090.ENSMUSP00000112602,Cep135,17.640874,protein_coding,3.537643423586016,MM,True,True,True
ENSMUSG00000021939,10090.ENSMUSP00000006235,Ctsb,12.494255333333333,protein_coding,3.0900029153961537,MM,True,False,True
ENSMUSG00000029147,10090.ENSMUSP00000031032,Ppm1g,673.3536580000001,protein_coding,8.665462715978673,MM,True,False,False
ENSMUSG00000062040,10090.ENSMUSP00000123953,Zfp27,3.172972333333333,protein_coding,1.5402521560452842,MM,True,False,False
ENSMUSG00000024500,10090.ENSMUSP00000025377,Ppp2r2b,11.678186666666667,protein_coding,3.0043467174473224,MM,True,True,True
ENSMUSG00000025026,10090.ENSMUSP00000107370,Add3,50.78254333333334,protein_coding,4.979275949539605,MM,True,True,False
ENSMUSG00000020309,10090.ENSMUSP00000098942,Chac2,10.424318,protein_coding,2.8628480242076475,MM,True,True,True
ENSMUSG00000002233,10090.ENSMUSP00000002303,Rhoc,1.7458693333333333,protein_coding,1.0356046736686024,MM,True,False,True
ENSMUSG00000041035,10090.ENSMUSP00000045683,Gm17018,68.25331766666666,protein_coding,5.394282477238888,MM,True,False,True
ENSMUSG00000034663,10090.ENSMUSP00000037970,Bmp2k,5.099693666666667,protein_coding,2.0229583832751663,MM,True,False,True
ENSMUSG00000067847,10090.ENSMUSP00000085981,Romo1,16.005212333333333,protein_coding,3.4079655963793387,MM,True,False,True
ENSMUSG00000038366,10090.ENSMUSP00000042123,Lasp1,4.4456256666666665,protein_coding,1.8767088020161338,MM,True,False,False
ENSMUSG00000068391,10090.ENSMUSP00000087197,Chrac1,561.3603923333334,protein_coding,8.40371642235921,MM,True,False,False
ENSMUSG00000020649,10090.ENSMUSP00000020980,Rrm2,10.277862333333333,protein_coding,2.844565493221611,MM,True,False,True
ENSMUSG00000012114,10090.ENSMUSP00000012259,Med15,54.483148,protein_coding,5.077519104454777,MM,True,False,True
ENSMUSG00000071646,10090.ENSMUSP00000093959,Mta2,37.487182666666655,protein_coding,4.557887580413109,MM,True,False,True
ENSMUSG00000042203,10090.ENSMUSP00000046877,Tbc1d22b,14.812018666666667,protein_coding,3.3085040249672724,MM,True,False,False
ENSMUSG00000028899,10090.ENSMUSP00000030731,Taf12,28.02603766666667,protein_coding,4.158377236129171,MM,True,False,True
ENSMUSG00000018287,10090.ENSMUSP00000018431,Spag7,84.09768933333334,protein_coding,5.688653102318643,MM,True,False,True
ENSMUSG00000074516,10090.ENSMUSP00000096592,Gm10709,15.615129333333336,processed_pseudogene,3.3768201356386767,MM,True,False,True
ENSMUSG00000015837,10090.ENSMUSP00000099835,Sqstm1,70.139675,protein_coding,5.432155649037908,MM,True,False,False
ENSMUSG00000033697,10090.ENSMUSP00000036697,Arhgap39,18.665563666666667,protein_coding,3.611474936482407,MM,True,False,False
ENSMUSG00000024667,10090.ENSMUSP00000025569,Tmem216,8.405954666666666,protein_coding,2.598393156872243,MM,True,False,True
ENSMUSG00000054405,10090.ENSMUSP00000092242,Dnajc8,153.90621933333333,protein_coding,6.548283602536495,MM,True,False,True
ENSMUSG00000027176,10090.ENSMUSP00000028599,Cstf3,45.880117999999996,protein_coding,4.838036139717058,MM,True,True,True
ENSMUSG00000066877,10090.ENSMUSP00000083611,Nck2,2.3478193333333337,protein_coding,1.2703124471303875,MM,True,False,True
ENSMUSG00000021143,10090.ENSMUSP00000081953,Pacs2,18.466888333333333,protein_coding,3.5985460073254787,MM,True,False,True
ENSMUSG00000021264,10090.ENSMUSP00000021692,Yy1,25.97060333333333,protein_coding,4.055291547230569,MM,True,False,True
ENSMUSG00000034928,10090.ENSMUSP00000118474,Rnf44,15.015652333333335,protein_coding,3.32569303632688,MM,True,False,False
ENSMUSG00000057948,10090.ENSMUSP00000102058,Unc13d,2.098440666666667,protein_coding,1.177433730649914,MM,True,True,True
ENSMUSG00000020190,10090.ENSMUSP00000003433,Mknk2,21.38078233333333,protein_coding,3.7921808961425185,MM,True,False,True
ENSMUSG00000031161,10090.ENSMUSP00000111306,Hdac6,2.5511786666666665,protein_coding,1.3415840890331538,MM,True,False,False
ENSMUSG00000020917,10090.ENSMUSP00000103012,Acly,19.418279,protein_coding,3.6648882853691442,MM,True,False,True
ENSMUSG00000035572,10090.ENSMUSP00000117082,Dcaf10,8.845799666666666,protein_coding,2.6601014603182955,MM,True,False,True
ENSMUSG00000028760,10090.ENSMUSP00000081233,Eif4g3,146.06351700000005,protein_coding,6.472578424451584,MM,True,False,True
ENSMUSG00000026374,10090.ENSMUSP00000027623,Tsn,29.614124666666665,protein_coding,4.234955527338605,MM,True,True,True
ENSMUSG00000005610,10090.ENSMUSP00000124551,Eif4g2,171.92275500000005,protein_coding,6.706530442029109,MM,True,False,True
ENSMUSG00000032497,10090.ENSMUSP00000035078,Lrrfip2,362.81956966666667,protein_coding,7.776589822009585,MM,True,False,True
ENSMUSG00000022022,10090.ENSMUSP00000022600,Mtrf1,16.341392333333335,protein_coding,3.4373348182858323,MM,True,False,True
ENSMUSG00000040383,10090.ENSMUSP00000047157,Aqr,23.740163666666664,protein_coding,3.9337634113656774,MM,True,False,True
ENSMUSG00000040021,10090.ENSMUSP00000132078,Lats1,2.2576306666666666,protein_coding,1.2376057300297536,MM,True,False,True
ENSMUSG00000000420,10090.ENSMUSP00000000430,Galnt1,2.527146333333333,protein_coding,1.3341544378027603,MM,True,False,True
ENSMUSG00000021468,10090.ENSMUSP00000021920,Sptlc1,13.268524,protein_coding,3.1669121286220965,MM,True,False,True
ENSMUSG00000025465,10090.ENSMUSP00000026538,Echs1,11.442493333333333,protein_coding,2.9785654102045225,MM,True,False,True
ENSMUSG00000052534,10090.ENSMUSP00000135516,Pbx1,1.725828,protein_coding,1.0273116680631549,MM,True,False,False
ENSMUSG00000024099,10090.ENSMUSP00000121557,Ndufv2,245.9780683333333,protein_coding,7.219090509540665,MM,True,False,True
ENSMUSG00000038047,10090.ENSMUSP00000070504,Haus6,11.035789333333335,protein_coding,2.9336397988098355,MM,True,False,True
ENSMUSG00000057375,10090.ENSMUSP00000075113,Yipf1,14.326962333333332,protein_coding,3.2656023704015045,MM,True,False,True
ENSMUSG00000035840,10090.ENSMUSP00000038275,Lysmd3,9.513395333333333,protein_coding,2.7497015891380765,MM,True,True,True
ENSMUSG00000063108,10090.ENSMUSP00000124075,Zfp26,6.843984666666668,protein_coding,2.3577975468385146,MM,True,True,False
ENSMUSG00000033991,10090.ENSMUSP00000089045,Ttc37,4.782977333333333,protein_coding,1.9550572028014603,MM,True,False,True
ENSMUSG00000034442,10090.ENSMUSP00000112121,Trmt5,62.16121666666667,protein_coding,5.263014305645677,MM,True,False,True
ENSMUSG00000024483,10090.ENSMUSP00000123270,Ankhd1,18.803836666666665,protein_coding,3.6220082694259235,MM,True,False,False
ENSMUSG00000004270,10090.ENSMUSP00000004381,Lpcat3,146.45805099999995,protein_coding,6.476916863149974,MM,True,True,True
ENSMUSG00000032562,10090.ENSMUSP00000057543,Gnai2,32.218343,protein_coding,4.348301950440363,MM,True,False,True
ENSMUSG00000005534,10090.ENSMUSP00000088837,Insr,1.3559943333333333,protein_coding,0.8611941930127406,MM,True,False,True
ENSMUSG00000027367,10090.ENSMUSP00000106004,Stard7,15.534634333333335,protein_coding,3.3715590484663847,MM,True,True,True
ENSMUSG00000032122,10090.ENSMUSP00000124569,Slc37a2,1.2628716666666666,protein_coding,0.815184646034768,MM,True,False,False
ENSMUSG00000026082,10090.ENSMUSP00000027251,Rev1,22.337228666666665,protein_coding,3.8518094959415894,MM,True,False,True
ENSMUSG00000098274,10090.ENSMUSP00000023269,Rpl24,227.05122866666667,protein_coding,7.103742526682446,MM,True,False,True
ENSMUSG00000020739,10090.ENSMUSP00000021085,Nup85,29.015169333333336,protein_coding,4.205573099244845,MM,True,False,True
ENSMUSG00000073987,10090.ENSMUSP00000095843,Ggh,19.857874666666667,protein_coding,3.694805438092407,MM,True,False,True
ENSMUSG00000039536,10090.ENSMUSP00000104861,Stau1,51.052775,protein_coding,4.986809540359815,MM,True,False,False
ENSMUSG00000023307,10090.ENSMUSP00000024078,March5,11.514659666666667,protein_coding,2.9863347783618166,MM,True,False,True
ENSMUSG00000020277,10090.ENSMUSP00000020522,Pfkl,1.0016423333333333,protein_coding,0.6801601968677351,MM,True,False,True
ENSMUSG00000022836,10090.ENSMUSP00000023538,Mylk,8.795796333333334,protein_coding,2.6530993905972737,MM,True,False,False
ENSMUSG00000048271,10090.ENSMUSP00000062449,Rbm33,21.105845666666667,protein_coding,3.7755264434492206,MM,True,False,True
ENSMUSG00000021905,10090.ENSMUSP00000068491,Dph3,59.61508666666666,protein_coding,5.2033148365201685,MM,True,False,True
ENSMUSG00000023156,10090.ENSMUSP00000023924,Rpp14,5.416137,protein_coding,2.0902959999720356,MM,True,True,True
ENSMUSG00000029038,10090.ENSMUSP00000030905,Ssu72,49.13925800000001,protein_coding,4.9338037373560795,MM,True,False,True
ENSMUSG00000054920,10090.ENSMUSP00000098752,Klhl5,3.4328613333333333,protein_coding,1.6157977950820865,MM,True,False,True
ENSMUSG00000029910,10090.ENSMUSP00000098897,Mad2l1,10.176721666666666,protein_coding,2.83238790267117,MM,True,True,True
ENSMUSG00000021610,10090.ENSMUSP00000022102,Clptm1l,109.84388966666668,protein_coding,6.067856930079907,MM,True,True,True
ENSMUSG00000008450,10090.ENSMUSP00000008594,Nutf2,6.295291666666667,protein_coding,2.259467947046039,MM,True,False,True
ENSMUSG00000061751,10090.ENSMUSP00000110611,Kalrn,1.0704293333333337,protein_coding,0.7173392933566201,MM,True,False,False
ENSMUSG00000028470,10090.ENSMUSP00000030192,Hint2,3.9916410000000004,protein_coding,1.7651246515213914,MM,True,False,False
ENSMUSG00000024997,10090.ENSMUSP00000025961,Prdx3,7.216793999999998,protein_coding,2.417376465104743,MM,True,False,True
ENSMUSG00000007670,10090.ENSMUSP00000007814,Khsrp,21.14372133333333,protein_coding,3.7775603396462993,MM,True,True,False
ENSMUSG00000013629,10090.ENSMUSP00000013773,Cad,1.942475,protein_coding,1.1160830221270241,MM,True,False,True
ENSMUSG00000056268,10090.ENSMUSP00000092082,Dennd1b,2.513941,protein_coding,1.3297323186557761,MM,True,False,False
ENSMUSG00000041720,10090.ENSMUSP00000036162,Pi4ka,51.287928,protein_coding,4.993182828896433,MM,True,False,True
ENSMUSG00000004530,10090.ENSMUSP00000004646,Coro1c,5.137901666666667,protein_coding,2.031466717544498,MM,True,False,False
ENSMUSG00000025035,10090.ENSMUSP00000026009,Arl3,1048.9402666666667,protein_coding,9.30344465087416,MM,True,False,True
ENSMUSG00000027828,10090.ENSMUSP00000029414,Ssr3,16.033282999999997,protein_coding,3.4122235302064787,MM,True,False,True
ENSMUSG00000026112,10090.ENSMUSP00000027286,Coa5,29.615578000000003,protein_coding,4.234031842023916,MM,True,False,False
ENSMUSG00000028063,10090.ENSMUSP00000029699,Lmna,11.149629666666666,protein_coding,2.9448403963930385,MM,True,False,True
ENSMUSG00000068036,10090.ENSMUSP00000118318,Afdn,13.7065,protein_coding,3.208527560274257,MM,True,False,False
ENSMUSG00000040018,10090.ENSMUSP00000041820,Cox15,1.1291896666666668,protein_coding,0.74809421508521,MM,True,False,True
ENSMUSG00000056211,10090.ENSMUSP00000043103,R3hdm1,103.721614,protein_coding,5.986466556065938,MM,True,True,False
ENSMUSG00000034245,10090.ENSMUSP00000043828,Hdac11,5.1497220000000015,protein_coding,2.03407646412569,MM,True,False,False
ENSMUSG00000019917,10090.ENSMUSP00000129023,Sept10,290.55954966666667,protein_coding,7.457925766013097,MM,True,False,True
ENSMUSG00000032254,10090.ENSMUSP00000034815,Kif23,42.54558933333333,protein_coding,4.733312776657975,MM,True,False,True
ENSMUSG00000026821,10090.ENSMUSP00000097812,Ralgds,128.872701,protein_coding,6.294573350526901,MM,True,False,True
ENSMUSG00000050996,10090.ENSMUSP00000057392,Cetn1,1345.2849119999996,protein_coding,9.66238902752501,MM,True,False,True
ENSMUSG00000024222,10090.ENSMUSP00000078382,Fkbp5,8.976892333333334,protein_coding,2.6777970906189505,MM,True,False,True
ENSMUSG00000026767,10090.ENSMUSP00000028105,Mindy3,23.571856,protein_coding,3.9241568763547456,MM,True,False,True
ENSMUSG00000025977,10090.ENSMUSP00000084868,Boll,142.13451133333334,protein_coding,6.434810685053999,MM,True,False,True
ENSMUSG00000055491,10090.ENSMUSP00000107530,Pprc1,2.258408333333333,protein_coding,1.2372720498898517,MM,True,False,False
ENSMUSG00000039157,10090.ENSMUSP00000044731,Fam102a,2.651004,protein_coding,1.375672641283146,MM,True,False,True
ENSMUSG00000031788,10090.ENSMUSP00000034240,Kifc3,18.467981,protein_coding,3.5971380592699904,MM,True,False,True
ENSMUSG00000062997,10090.ENSMUSP00000079672,Rpl35,289.662262,protein_coding,7.451970972900837,MM,True,False,True
ENSMUSG00000000759,10090.ENSMUSP00000000776,Tubgcp3,4.327928,protein_coding,1.8490682440711084,MM,True,False,True
ENSMUSG00000041147,10090.ENSMUSP00000038576,Brca2,20.872084333333326,protein_coding,3.760287241482925,MM,True,False,True
ENSMUSG00000021764,10090.ENSMUSP00000022286,Ndufs4,147.49242633333333,protein_coding,6.486970950879337,MM,True,False,True
ENSMUSG00000002105,10090.ENSMUSP00000107063,Slc39a13,4.360601333333333,protein_coding,1.8566722255034358,MM,True,False,True
ENSMUSG00000025369,10090.ENSMUSP00000100868,Smarcc2,101.10558066666664,protein_coding,5.949416999160483,MM,True,True,True
ENSMUSG00000035198,10090.ENSMUSP00000048036,Tubg1,10.525594666666667,protein_coding,2.8733927282784326,MM,True,False,True
ENSMUSG00000030868,10090.ENSMUSP00000033156,Dctn5,60.93634933333333,protein_coding,5.234738020442653,MM,True,True,True
ENSMUSG00000022111,10090.ENSMUSP00000002289,Uchl3,742.3316856666668,protein_coding,8.806371992817601,MM,True,False,True
ENSMUSG00000040236,10090.ENSMUSP00000036541,Trappc5,9.911141,protein_coding,2.7982033846328753,MM,True,False,True
ENSMUSG00000009630,10090.ENSMUSP00000009774,Ppp2cb,170.995895,protein_coding,6.698297789074882,MM,True,False,True
ENSMUSG00000000902,10090.ENSMUSP00000000925,Smarcb1,86.64431533333334,protein_coding,5.730727520229566,MM,True,False,True
ENSMUSG00000007892,10090.ENSMUSP00000008036,Rplp1,97.349846,protein_coding,5.895294986082291,MM,True,False,True
ENSMUSG00000034412,10090.ENSMUSP00000036861,Tbc1d10a,12.954749333333336,protein_coding,3.1354799823900694,MM,True,False,False
ENSMUSG00000039852,10090.ENSMUSP00000101307,Rere,9.12603,protein_coding,2.697972821252224,MM,True,False,True
ENSMUSG00000054414,10090.ENSMUSP00000065254,Slc30a7,1.6039096666666666,protein_coding,0.9745442410576177,MM,True,True,True
ENSMUSG00000042133,10090.ENSMUSP00000045945,Ppig,50.89318333333333,protein_coding,4.9827958187823205,MM,True,True,False
ENSMUSG00000021496,10090.ENSMUSP00000021958,Pcbd2,1.8659373333333331,protein_coding,1.086076735746233,MM,True,False,False
ENSMUSG00000053774,10090.ENSMUSP00000110804,Ubxn7,7.558512333333333,protein_coding,2.4718864799180618,MM,True,False,True
ENSMUSG00000016946,10090.ENSMUSP00000017090,Kctd5,13.340800666666668,protein_coding,3.173909028083221,MM,True,False,True
ENSMUSG00000063439,10090.ENSMUSP00000104040,B9d2,6.582261666666668,protein_coding,2.3094589155810006,MM,True,False,False
ENSMUSG00000057522,10090.ENSMUSP00000103350,Spop,22.77023,protein_coding,3.8775733737029547,MM,True,False,True
ENSMUSG00000035325,10090.ENSMUSP00000092157,Sec31a,49.64678066666667,protein_coding,4.948018061027826,MM,True,False,True
ENSMUSG00000041130,10090.ENSMUSP00000038367,Zfp598,20.46382133333333,protein_coding,3.73381018191885,MM,True,False,True
ENSMUSG00000024219,10090.ENSMUSP00000110491,Anks1,3.2000466666666667,protein_coding,1.5478294963851094,MM,True,False,True
ENSMUSG00000020538,10090.ENSMUSP00000020846,Srebf1,1.9920396666666669,protein_coding,1.1356830497618886,MM,True,False,True
ENSMUSG00000031865,10090.ENSMUSP00000109552,Dctn1,47.97103366666666,protein_coding,4.899209296195177,MM,True,False,True
ENSMUSG00000001632,10090.ENSMUSP00000108744,Brpf1,8.234192333333334,protein_coding,2.5735122772083803,MM,True,False,True
ENSMUSG00000001120,10090.ENSMUSP00000001148,Pcbp3,197.7053523333333,protein_coding,6.905909425778765,MM,True,False,True
ENSMUSG00000029068,10090.ENSMUSP00000030944,Ccnl2,51.37616733333334,protein_coding,4.995316028790591,MM,True,False,False
ENSMUSG00000036779,10090.ENSMUSP00000112766,Tent4b,43.44044633333333,protein_coding,4.761936325217158,MM,True,False,True
ENSMUSG00000004285,10090.ENSMUSP00000004396,Atp6v1f,56.48028200000001,protein_coding,5.128179647897024,MM,True,False,True
ENSMUSG00000060600,10090.ENSMUSP00000072620,Eno3,175.2122853333333,protein_coding,6.732863243554721,MM,True,True,True
ENSMUSG00000034154,10090.ENSMUSP00000051845,Ino80,12.118684333333334,protein_coding,3.0511985850195087,MM,True,False,True
ENSMUSG00000024983,10090.ENSMUSP00000093644,Vti1a,13.402823666666668,protein_coding,3.1800289580685726,MM,True,False,True
ENSMUSG00000042747,10090.ENSMUSP00000043540,Krtcap2,17.061155666666668,protein_coding,3.4929014157307274,MM,True,False,True
ENSMUSG00000039473,10090.ENSMUSP00000061843,Ubn1,26.99772166666667,protein_coding,4.10775495363195,MM,True,False,True
ENSMUSG00000030061,10090.ENSMUSP00000086701,Uba3,23.65684633333333,protein_coding,3.929237353520629,MM,True,True,True
ENSMUSG00000038909,10090.ENSMUSP00000099448,Kat7,251.41761766666667,protein_coding,7.2504083491331395,MM,True,True,True
ENSMUSG00000006333,10090.ENSMUSP00000006496,Rps9,167.026082,protein_coding,6.663929170076537,MM,True,False,True
ENSMUSG00000020464,10090.ENSMUSP00000020756,Pnpt1,19.024519333333327,protein_coding,3.6373841143205645,MM,True,True,True
ENSMUSG00000032280,10090.ENSMUSP00000124131,Tle3,11.063564,protein_coding,2.9357395846429966,MM,True,False,True
ENSMUSG00000001380,10090.ENSMUSP00000001416,Hars,61.437205000000006,protein_coding,5.246297182453406,MM,True,False,True
ENSMUSG00000029598,10090.ENSMUSP00000031597,Plbd2,42.62337233333333,protein_coding,4.734394857113966,MM,True,False,True
ENSMUSG00000026894,10090.ENSMUSP00000028256,Morn5,389.656413,protein_coding,7.87860823626364,MM,True,False,True
ENSMUSG00000017686,10090.ENSMUSP00000017831,Rhot1,65.24436333333334,protein_coding,5.331202987246159,MM,True,True,True
ENSMUSG00000052584,10090.ENSMUSP00000068508,Serp2,2.8337106666666667,protein_coding,1.4346903150029031,MM,True,False,True
ENSMUSG00000061244,10090.ENSMUSP00000125434,Exoc5,6.853465333333332,protein_coding,2.358527827794559,MM,True,False,True
ENSMUSG00000056608,10090.ENSMUSP00000105243,Chd9,8.631683333333333,protein_coding,2.630368891057098,MM,True,False,False
ENSMUSG00000002635,10090.ENSMUSP00000002710,Pdcd2l,41.645593,protein_coding,4.702963428054916,MM,True,True,False
ENSMUSG00000053929,10090.ENSMUSP00000080043,Cyhr1,65.83675099999999,protein_coding,5.34288117803031,MM,True,False,False
ENSMUSG00000056131,10090.ENSMUSP00000070871,Pgm3,3.119919666666666,protein_coding,1.5244227999386017,MM,True,False,True
ENSMUSG00000032030,10090.ENSMUSP00000034529,Cul5,71.28672266666666,protein_coding,5.4558938730552144,MM,True,False,True
ENSMUSG00000062683,10090.ENSMUSP00000140414,Atp5g2,14.085874,protein_coding,3.2432526010685097,MM,True,False,False
ENSMUSG00000029649,10090.ENSMUSP00000031654,Pomp,45.71560766666666,protein_coding,4.832748724374137,MM,True,False,False
ENSMUSG00000067916,10090.ENSMUSP00000081167,Zfp991,18.584884,protein_coding,3.606889891613901,MM,True,True,False
ENSMUSG00000027598,10090.ENSMUSP00000105307,Itch,17.913,protein_coding,3.558047988040378,MM,True,False,True
ENSMUSG00000044026,10090.ENSMUSP00000061282,Slc35g1,1.0000973333333334,protein_coding,0.6795811362288603,MM,True,False,True
ENSMUSG00000031446,10090.ENSMUSP00000016680,Cul4a,67.584142,protein_coding,5.380410684245041,MM,True,True,True
ENSMUSG00000022283,10090.ENSMUSP00000001809,Pabpc1,3162.2045896666664,protein_coding,10.894422879604221,MM,True,False,True
ENSMUSG00000029550,10090.ENSMUSP00000031530,Sppl3,74.22320833333333,protein_coding,5.512342659936822,MM,True,False,True
ENSMUSG00000032872,10090.ENSMUSP00000126119,Cyb5r4,25.581464,protein_coding,4.034859430724298,MM,True,False,True
ENSMUSG00000068580,10090.ENSMUSP00000087636,Zfyve19,18.253261,protein_coding,3.5820155936531144,MM,True,False,False
ENSMUSG00000037262,10090.ENSMUSP00000043614,Kin,13.668801666666667,protein_coding,3.205107772633823,MM,True,False,False
ENSMUSG00000039662,10090.ENSMUSP00000043390,Icmt,33.795420666666665,protein_coding,4.414524259404572,MM,True,True,True
ENSMUSG00000010277,10090.ENSMUSP00000010421,2610507B11Rik,136.72780366666666,protein_coding,6.379185365178597,MM,True,False,False
ENSMUSG00000021993,10090.ENSMUSP00000069840,Mipep,42.22827899999999,protein_coding,4.722533913333559,MM,True,True,True
ENSMUSG00000063281,10090.ENSMUSP00000074475,Zfp35,178.959666,protein_coding,6.763870315910969,MM,True,True,False
ENSMUSG00000020435,10090.ENSMUSP00000068652,Osbp2,69.14569066666667,protein_coding,5.411905098516544,MM,True,False,True
ENSMUSG00000025208,10090.ENSMUSP00000095322,Mrpl43,39.242010666666665,protein_coding,4.620708115607186,MM,True,True,True
ENSMUSG00000027397,10090.ENSMUSP00000028880,Slc20a1,15.151282333333334,protein_coding,3.3385022882618633,MM,True,False,False
ENSMUSG00000025907,10090.ENSMUSP00000027040,Rb1cc1,533.286031,protein_coding,8.330560967946814,MM,True,True,True
ENSMUSG00000002129,10090.ENSMUSP00000002198,Sf3a1,28.127102000000004,protein_coding,4.163346189274187,MM,True,False,True
ENSMUSG00000024687,10090.ENSMUSP00000025590,Osbp,16.609269,protein_coding,3.4580953704189694,MM,True,False,True
ENSMUSG00000059343,10090.ENSMUSP00000077687,Aldoart1,13.663533666666664,protein_coding,3.2006910446779786,MM,True,False,True
ENSMUSG00000042572,10090.ENSMUSP00000037939,Ube2q1,46.16916266666667,protein_coding,4.846788143217876,MM,True,False,True
ENSMUSG00000056851,10090.ENSMUSP00000076294,Pcbp2,725.1721193333333,protein_coding,8.771987321365097,MM,True,False,False
ENSMUSG00000074247,10090.ENSMUSP00000121042,Dda1,30.34394733333333,protein_coding,4.2663232800257935,MM,True,False,True
ENSMUSG00000020867,10090.ENSMUSP00000042572,Spata20,79.05644099999998,protein_coding,5.600711209962304,MM,True,False,True
ENSMUSG00000052783,10090.ENSMUSP00000001112,Grk4,168.74262,protein_coding,6.679700146498526,MM,True,False,False
ENSMUSG00000025173,10090.ENSMUSP00000026173,Wdr45b,17.319836999999996,protein_coding,3.513268428777227,MM,True,False,False
ENSMUSG00000028456,10090.ENSMUSP00000103586,Unc13b,2.4595176666666667,protein_coding,1.309991233217605,MM,True,False,True
ENSMUSG00000014782,10090.ENSMUSP00000014927,Plekhg4,10.164829333333332,protein_coding,2.831146185070388,MM,True,True,False
ENSMUSG00000036104,10090.ENSMUSP00000042070,Rab3gap1,14.196766666666667,protein_coding,3.253897872486607,MM,True,False,True
ENSMUSG00000033237,10090.ENSMUSP00000093969,Arid2,77.47941066666667,protein_coding,5.573328441638214,MM,True,False,True
ENSMUSG00000030621,10090.ENSMUSP00000032856,Me3,19.811864666666665,protein_coding,3.6907286214443564,MM,True,True,True
ENSMUSG00000037361,10090.ENSMUSP00000043662,Sf3b6,25.893063666666666,protein_coding,4.050889324312796,MM,True,False,True
ENSMUSG00000048833,10090.ENSMUSP00000082343,Slc39a9,5.712257,protein_coding,2.1492691221959435,MM,True,False,True
ENSMUSG00000021548,10090.ENSMUSP00000022030,Ccnh,35.41643766666667,protein_coding,4.479866731540613,MM,True,False,True
ENSMUSG00000068706,10090.ENSMUSP00000087974,Gm10250,110.73601299999999,processed_pseudogene,6.079360210665405,MM,True,False,True
ENSMUSG00000017715,10090.ENSMUSP00000121973,Pgs1,20.600296,protein_coding,3.7421092516982,MM,True,False,True
ENSMUSG00000043257,10090.ENSMUSP00000050647,Pigv,9.372137333333333,protein_coding,2.730074866683616,MM,True,True,True
ENSMUSG00000069622,10090.ENSMUSP00000137366,Gm10273,14.372074,processed_pseudogene,3.2698035254595217,MM,True,False,True
ENSMUSG00000027810,10090.ENSMUSP00000029387,Eif2a,6.014519666666668,protein_coding,2.207177988836324,MM,True,False,True
ENSMUSG00000029687,10090.ENSMUSP00000080419,Ezh2,96.677755,protein_coding,5.8869354648437175,MM,True,True,True
ENSMUSG00000032557,10090.ENSMUSP00000035166,Uba5,23.05862833333333,protein_coding,3.8947666497781928,MM,True,False,True
ENSMUSG00000027540,10090.ENSMUSP00000029053,Ptpn1,22.65686433333333,protein_coding,3.870302604264873,MM,True,False,True
ENSMUSG00000031818,10090.ENSMUSP00000034276,Cox4i1,678.383423,protein_coding,8.675630897619042,MM,True,False,False
ENSMUSG00000033985,10090.ENSMUSP00000041009,Tesk2,16.883859666666666,protein_coding,3.479561011605541,MM,True,True,False
ENSMUSG00000042502,10090.ENSMUSP00000132963,Cd2bp2,28.669916666666666,protein_coding,4.189266872528109,MM,True,False,True
ENSMUSG00000022035,10090.ENSMUSP00000022614,Ccdc25,14.91348366666667,protein_coding,3.318083050354371,MM,True,False,True
ENSMUSG00000027342,10090.ENSMUSP00000028817,Pcna,157.374695,protein_coding,6.580232302860856,MM,True,True,True
ENSMUSG00000018040,10090.ENSMUSP00000018184,Rrp7a,67.95684933333332,protein_coding,5.3877396869847605,MM,True,True,False
ENSMUSG00000024759,10090.ENSMUSP00000025668,Atl3,26.227681666666665,protein_coding,4.06855768908038,MM,True,False,False
ENSMUSG00000040820,10090.ENSMUSP00000130981,Hlcs,1.211518,protein_coding,0.7898021318874004,MM,True,False,True
ENSMUSG00000026437,10090.ENSMUSP00000027697,Cdk18,1.0775936666666668,protein_coding,0.7210138552162062,MM,True,False,True
ENSMUSG00000027175,10090.ENSMUSP00000028597,Tcp11l1,1.467064,protein_coding,0.9126771985682133,MM,True,False,False
ENSMUSG00000018427,10090.ENSMUSP00000018571,Ypel2,1.198317,protein_coding,0.7825257092453444,MM,True,False,True
ENSMUSG00000042354,10090.ENSMUSP00000047119,Gnl3,58.47065466666666,protein_coding,5.176914650908497,MM,True,False,True
ENSMUSG00000056919,10090.ENSMUSP00000091319,Cep162,31.46822,protein_coding,4.316615434950216,MM,True,False,False
ENSMUSG00000037197,10090.ENSMUSP00000041831,Rbm17,87.98232800000002,protein_coding,5.753061480312876,MM,True,False,False
ENSMUSG00000024218,10090.ENSMUSP00000110498,Taf11,60.948389666666664,protein_coding,5.235505916436672,MM,True,False,True
ENSMUSG00000026281,10090.ENSMUSP00000027503,Dtymk,79.37682066666667,protein_coding,5.606985761965606,MM,True,False,True
ENSMUSG00000027438,10090.ENSMUSP00000028926,Napb,1.126825,protein_coding,0.7466939946219411,MM,True,False,True
ENSMUSG00000041164,10090.ENSMUSP00000012612,Zmiz2,52.401039000000004,protein_coding,5.022556993432444,MM,True,False,False
ENSMUSG00000042590,10090.ENSMUSP00000079667,Ipo11,30.89766766666667,protein_coding,4.291953532175239,MM,True,False,False
ENSMUSG00000030890,10090.ENSMUSP00000033182,Ilk,8.293063333333334,protein_coding,2.581944193088008,MM,True,False,True
ENSMUSG00000032513,10090.ENSMUSP00000035099,Gorasp1,8.486939666666666,protein_coding,2.6091814572778294,MM,True,False,True
ENSMUSG00000027597,10090.ENSMUSP00000061851,Ahcy,11.077268333333334,protein_coding,2.9373916650644025,MM,True,False,True
ENSMUSG00000035992,10090.ENSMUSP00000049026,Fnip1,33.535761,protein_coding,4.40461469959477,MM,True,True,True
ENSMUSG00000028478,10090.ENSMUSP00000103481,Clta,17.475147000000003,protein_coding,3.5245113969005213,MM,True,False,True
ENSMUSG00000026005,10090.ENSMUSP00000027157,Rpe,11.735815666666667,protein_coding,3.0108685575937733,MM,True,False,True
ENSMUSG00000043372,10090.ENSMUSP00000053678,Hexim2,34.21900933333333,protein_coding,4.431199337057483,MM,True,False,False
ENSMUSG00000022617,10090.ENSMUSP00000023289,Chkb,33.86806766666667,protein_coding,4.416367366576015,MM,True,False,True
ENSMUSG00000019857,10090.ENSMUSP00000020004,Asf1a,27.93569566666667,protein_coding,4.155102124968053,MM,True,False,True
ENSMUSG00000028278,10090.ENSMUSP00000095792,Rragd,1.4804443333333337,protein_coding,0.9191488546695552,MM,True,False,True
ENSMUSG00000007739,10090.ENSMUSP00000133523,Cct4,556.6304116666666,protein_coding,8.39192658125401,MM,True,False,True
ENSMUSG00000038538,10090.ENSMUSP00000036188,Ubn2,9.240151666666668,protein_coding,2.7136479441374863,MM,True,False,False
ENSMUSG00000041079,10090.ENSMUSP00000049168,Rwdd2b,4.991290666666667,protein_coding,2.000106755483122,MM,True,True,False
ENSMUSG00000036977,10090.ENSMUSP00000048244,Anapc10,14.678140999999998,protein_coding,3.2975437551037983,MM,True,False,True
ENSMUSG00000067338,10090.ENSMUSP00000084713,Tuba3b,1309.7578126666667,protein_coding,9.622757652529815,MM,True,True,True
ENSMUSG00000039047,10090.ENSMUSP00000045351,Pigk,40.015478,protein_coding,4.646737469664839,MM,True,False,True
ENSMUSG00000036698,10090.ENSMUSP00000042207,Ago2,2.021682333333333,protein_coding,1.1478893040001825,MM,True,True,True
ENSMUSG00000028034,10090.ENSMUSP00000130145,Fubp1,30.802337000000005,protein_coding,4.287346721205219,MM,True,False,True
ENSMUSG00000036792,10090.ENSMUSP00000036847,Mbd5,7.436300333333333,protein_coding,2.452724482579548,MM,True,False,True
ENSMUSG00000030869,10090.ENSMUSP00000033157,Ndufab1,252.00515233333337,protein_coding,7.253834550693785,MM,True,False,True
ENSMUSG00000029554,10090.ENSMUSP00000031534,Mad1l1,18.984198666666668,protein_coding,3.6343291761011183,MM,True,False,True
ENSMUSG00000038762,10090.ENSMUSP00000036881,Abcf1,129.54555233333335,protein_coding,6.302206786187563,MM,True,False,False
ENSMUSG00000036707,10090.ENSMUSP00000108987,Cab39,88.87799333333334,protein_coding,5.767747620636974,MM,True,False,True
ENSMUSG00000037119,10090.ENSMUSP00000036524,Fam91a1,3.350582333333333,protein_coding,1.5923556114940116,MM,True,False,False
ENSMUSG00000026848,10090.ENSMUSP00000028199,Tor1b,15.727374333333335,protein_coding,3.3866879121652804,MM,True,True,False
ENSMUSG00000018541,10090.ENSMUSP00000018685,Cwc25,6.81525,protein_coding,2.350174914892239,MM,True,False,True
ENSMUSG00000039684,10090.ENSMUSP00000135967,Gm5422,26.603659999999998,transcribed_processed_pseudogene,4.087768547054773,MM,True,False,True
ENSMUSG00000024095,10090.ENSMUSP00000058308,Hnrnpll,112.08968866666667,protein_coding,6.0966565566035,MM,True,False,True
ENSMUSG00000027881,10090.ENSMUSP00000029480,Prpf38b,106.523847,protein_coding,6.024782032364005,MM,True,False,False
ENSMUSG00000024130,10090.ENSMUSP00000045285,Abca3,1.070625,protein_coding,0.7173003915172627,MM,True,True,False
ENSMUSG00000019055,10090.ENSMUSP00000019199,Plod1,1.3500856666666667,protein_coding,0.8575274864621307,MM,True,False,True
ENSMUSG00000020630,10090.ENSMUSP00000020959,Rnaseh1,9.921032666666667,protein_coding,2.8006127297418884,MM,True,False,False
ENSMUSG00000025228,10090.ENSMUSP00000039844,Actr1a,275.23120133333333,protein_coding,7.3796609256657195,MM,True,False,True
ENSMUSG00000003809,10090.ENSMUSP00000003907,Gcdh,2.011312333333333,protein_coding,1.1439806525992569,MM,True,False,True
ENSMUSG00000078622,10090.ENSMUSP00000002043,Ccdc47,27.25862566666667,protein_coding,4.12121631403886,MM,True,False,True
ENSMUSG00000074243,10090.ENSMUSP00000023061,Gm10651,12.371071,processed_pseudogene,3.0772984949017914,MM,True,False,True
ENSMUSG00000018428,10090.ENSMUSP00000018572,Akap1,40.314978,protein_coding,4.658124442286761,MM,True,False,True
ENSMUSG00000001039,10090.ENSMUSP00000099717,B9d1,68.28426633333333,protein_coding,5.394354614910928,MM,True,False,True
ENSMUSG00000037742,10090.ENSMUSP00000042457,Eef1a1,1855.5186766666666,protein_coding,10.125517840161928,MM,True,False,True
ENSMUSG00000034709,10090.ENSMUSP00000048443,Ppp1r21,3.0075756666666664,protein_coding,1.4900177617391162,MM,True,False,True
ENSMUSG00000030867,10090.ENSMUSP00000033154,Plk1,49.10102733333333,protein_coding,4.9322053170762095,MM,True,True,True
ENSMUSG00000039478,10090.ENSMUSP00000070241,Micu3,15.268752666666664,protein_coding,3.3487865925226954,MM,True,False,True
ENSMUSG00000020289,10090.ENSMUSP00000020530,Nprl3,24.84396166666666,protein_coding,3.994713639440888,MM,True,False,True
ENSMUSG00000030291,10090.ENSMUSP00000032429,Med21,17.475579999999997,protein_coding,3.5252367261536772,MM,True,False,True
ENSMUSG00000032475,10090.ENSMUSP00000112221,Nck1,38.560987,protein_coding,4.597103943728866,MM,True,False,True
ENSMUSG00000091198,10090.ENSMUSP00000129788,Gm5218,1.3109056666666667,processed_pseudogene,0.8381721716948018,MM,True,False,True
ENSMUSG00000039018,10090.ENSMUSP00000036491,Mtg1,17.546508,protein_coding,3.5304121013646954,MM,True,False,True
ENSMUSG00000056999,10090.ENSMUSP00000121358,Ide,63.64515533333334,protein_coding,5.296053738916289,MM,True,False,False
ENSMUSG00000030697,10090.ENSMUSP00000032936,Ppp4c,65.50054033333333,protein_coding,5.335875304571686,MM,True,False,True
ENSMUSG00000003037,10090.ENSMUSP00000003121,Rab8a,29.56015333333333,protein_coding,4.2312191066855425,MM,True,False,True
ENSMUSG00000027782,10090.ENSMUSP00000029353,Kpna4,165.91176833333338,protein_coding,6.655809983281972,MM,True,False,False
ENSMUSG00000028556,10090.ENSMUSP00000030286,Dock7,22.58193533333333,protein_coding,3.866527757959759,MM,True,False,False
ENSMUSG00000092558,10090.ENSMUSP00000024778,Med20,7.342541000000001,protein_coding,2.4353134423240115,MM,True,False,False
ENSMUSG00000026280,10090.ENSMUSP00000027502,Atg4b,16.445695,protein_coding,3.4450657580989406,MM,True,False,True
ENSMUSG00000071662,10090.ENSMUSP00000093980,Polr2g,71.2495166666667,protein_coding,5.454729072513302,MM,True,False,True
ENSMUSG00000035051,10090.ENSMUSP00000083742,Dhx57,5.863296666666668,protein_coding,2.178542771518055,MM,True,False,False
ENSMUSG00000014547,10090.ENSMUSP00000014691,Wdfy2,2.8572216666666663,protein_coding,1.442707338850269,MM,True,True,False
ENSMUSG00000070047,10090.ENSMUSP00000140596,Fat1,1.1105089999999995,protein_coding,0.7379855075002604,MM,True,False,False
ENSMUSG00000066900,10090.ENSMUSP00000130535,Suds3,155.41073066666667,protein_coding,6.561743898411091,MM,True,False,True
ENSMUSG00000045328,10090.ENSMUSP00000057938,Cenpe,55.42266733333333,protein_coding,5.102058829397869,MM,True,False,True
ENSMUSG00000030359,10090.ENSMUSP00000032510,Pzp,1.018503333333333,protein_coding,0.6896817408610658,MM,True,False,False
ENSMUSG00000026200,10090.ENSMUSP00000109253,Glb1l,87.02854933333332,protein_coding,5.737503348676563,MM,True,True,False
ENSMUSG00000078937,10090.ENSMUSP00000104936,Cpt1b,136.88662733333334,protein_coding,6.380539628680038,MM,True,False,False
ENSMUSG00000039178,10090.ENSMUSP00000040585,Tbc1d19,15.266501333333332,protein_coding,3.3481457189353057,MM,True,False,True
ENSMUSG00000043964,10090.ENSMUSP00000050279,Orai3,2.104775,protein_coding,1.1789903546642293,MM,True,False,True
ENSMUSG00000028096,10090.ENSMUSP00000029738,Gpr89,9.863218333333334,protein_coding,2.7933615599854282,MM,True,True,False
ENSMUSG00000066113,10090.ENSMUSP00000102796,Adamtsl1,1.6489616666666669,protein_coding,0.9940368163637808,MM,True,True,True
ENSMUSG00000034892,10090.ENSMUSP00000038352,Rps29,290.3600156666667,protein_coding,7.456235623876506,MM,True,False,True
ENSMUSG00000067873,10090.ENSMUSP00000086027,Htatsf1,6.119753666666668,protein_coding,2.226712486164396,MM,True,False,True
ENSMUSG00000024975,10090.ENSMUSP00000073975,Pdcd4,286.546529,protein_coding,7.437725577251127,MM,True,False,True
ENSMUSG00000040648,10090.ENSMUSP00000108466,Ppip5k2,20.681381333333334,protein_coding,3.7486731132785893,MM,True,False,True
ENSMUSG00000028608,10090.ENSMUSP00000119565,Czib,75.11931133333333,protein_coding,5.529166557797764,MM,True,False,True
ENSMUSG00000023452,10090.ENSMUSP00000051438,Pisd,12.851016,protein_coding,3.1257055928947044,MM,True,False,True
ENSMUSG00000031805,10090.ENSMUSP00000060073,Jak3,4.680434666666666,protein_coding,1.9348841894214035,MM,True,False,True
ENSMUSG00000024301,10090.ENSMUSP00000077984,Kifc5b,9.249251,protein_coding,2.7136617996812387,MM,True,False,True
ENSMUSG00000069631,10090.ENSMUSP00000099361,Strada,99.68658966666668,protein_coding,5.92980665680715,MM,True,True,True
ENSMUSG00000034566,10090.ENSMUSP00000102147,Atp5h,322.81801333333334,protein_coding,7.608835120293011,MM,True,False,True
ENSMUSG00000015365,10090.ENSMUSP00000118437,Mov10l1,36.548732666666666,protein_coding,4.522689614585433,MM,True,True,True
ENSMUSG00000038145,10090.ENSMUSP00000112919,Snrk,2.668185,protein_coding,1.3810470576096059,MM,True,False,True
ENSMUSG00000001441,10090.ENSMUSP00000001480,Npepps,99.58229333333334,protein_coding,5.929091656006759,MM,True,False,True
ENSMUSG00000061032,10090.ENSMUSP00000058785,Rrp1,451.73278799999997,protein_coding,8.091046766359371,MM,True,False,True
ENSMUSG00000025519,10090.ENSMUSP00000002025,Tktl2,33.68097433333333,protein_coding,4.410250141760082,MM,True,True,True
ENSMUSG00000006307,10090.ENSMUSP00000103789,Kmt2b,20.454435333333333,protein_coding,3.733299415915013,MM,True,True,True
ENSMUSG00000025732,10090.ENSMUSP00000026828,Mcrip2,2.9111553333333333,protein_coding,1.4592798216462015,MM,True,False,True
ENSMUSG00000046032,10090.ENSMUSP00000119102,Snx12,1.2040566666666666,protein_coding,0.7853968234684467,MM,True,False,True
ENSMUSG00000020132,10090.ENSMUSP00000020343,Rab21,11.835165333333334,protein_coding,3.021910517209407,MM,True,False,True
ENSMUSG00000027637,10090.ENSMUSP00000029165,Rab5if,22.06437166666667,protein_coding,3.834983624997987,MM,True,False,False
ENSMUSG00000056832,10090.ENSMUSP00000124369,Ttc26,22.18924933333333,protein_coding,3.843049540544171,MM,True,True,False
ENSMUSG00000030714,10090.ENSMUSP00000032956,Sgf29,55.06152599999999,protein_coding,5.091322864946146,MM,True,False,True
ENSMUSG00000028577,10090.ENSMUSP00000102724,Plaa,16.285072666666668,protein_coding,3.432983273885541,MM,True,False,True
ENSMUSG00000037234,10090.ENSMUSP00000046788,Hook3,8.199933333333332,protein_coding,2.569793242060482,MM,True,False,True
ENSMUSG00000028013,10090.ENSMUSP00000029644,Ppa2,216.96094233333332,protein_coding,7.03947410979091,MM,True,False,False
ENSMUSG00000038388,10090.ENSMUSP00000125880,Mpp6,227.80109166666668,protein_coding,7.109276664443373,MM,True,True,True
ENSMUSG00000057506,10090.ENSMUSP00000078042,Bloc1s2,99.11843866666668,protein_coding,5.921711062895106,MM,True,True,True
ENSMUSG00000032575,10090.ENSMUSP00000124562,Manf,586.9146423333333,protein_coding,8.4686548227989,MM,True,True,True
ENSMUSG00000030007,10090.ENSMUSP00000032078,Cct7,653.9350183333332,protein_coding,8.623223958860335,MM,True,False,True
ENSMUSG00000028821,10090.ENSMUSP00000030622,Syf2,62.913394,protein_coding,5.2794563139240465,MM,True,False,True
ENSMUSG00000005533,10090.ENSMUSP00000005671,Igf1r,1.2576263333333333,protein_coding,0.812485355683389,MM,True,True,False
ENSMUSG00000030982,10090.ENSMUSP00000051263,Vps35l,16.279050333333334,protein_coding,3.4319640496899084,MM,True,False,False
ENSMUSG00000055660,10090.ENSMUSP00000127142,Mettl4,14.639942999999999,protein_coding,3.294089641351256,MM,True,True,True
ENSMUSG00000006740,10090.ENSMUSP00000025083,Kif5b,9.261989666666668,protein_coding,2.716458772773874,MM,True,False,True
ENSMUSG00000062580,10090.ENSMUSP00000079883,Timm17a,48.71248733333334,protein_coding,4.927203803341017,MM,True,False,True
ENSMUSG00000046585,10090.ENSMUSP00000070533,Cfap58,69.50909933333334,protein_coding,5.419942643555768,MM,True,False,False
ENSMUSG00000036046,10090.ENSMUSP00000128699,5031439G07Rik,1.523548,protein_coding,0.9375716395279984,MM,True,False,False
ENSMUSG00000054717,10090.ENSMUSP00000065940,Hmgb2,101.63252233333333,protein_coding,5.957725205400279,MM,True,True,False
ENSMUSG00000072720,10090.ENSMUSP00000083810,Myo18b,5.443683,protein_coding,2.0968794885155955,MM,True,False,False
ENSMUSG00000023007,10090.ENSMUSP00000115869,Prpf40b,50.04849233333334,protein_coding,4.958201360699732,MM,True,False,False
ENSMUSG00000052593,10090.ENSMUSP00000067953,Adam17,7.663124000000001,protein_coding,2.4882865384459185,MM,True,False,True
ENSMUSG00000070778,10090.ENSMUSP00000092345,Rpl7a-ps8,1.7320866666666668,processed_pseudogene,1.0297018830626503,MM,True,False,True
ENSMUSG00000057816,10090.ENSMUSP00000079208,Cfap299,327.1738176666667,protein_coding,7.62786209582373,MM,True,True,False
ENSMUSG00000031513,10090.ENSMUSP00000033910,Leprotl1,5.737815666666667,protein_coding,2.154201023327687,MM,True,True,True
ENSMUSG00000028869,10090.ENSMUSP00000030684,Gnl2,188.239573,protein_coding,6.836102350071037,MM,True,False,True
ENSMUSG00000028757,10090.ENSMUSP00000030538,Ddost,57.95641333333333,protein_coding,5.163738705287737,MM,True,False,True
ENSMUSG00000029064,10090.ENSMUSP00000030940,Gnb1,72.866618,protein_coding,5.486184429548206,MM,True,False,True
ENSMUSG00000041625,10090.ENSMUSP00000037278,Ggact,7.9872169999999985,protein_coding,2.5369220694127597,MM,True,False,False
ENSMUSG00000026753,10090.ENSMUSP00000028087,Ppp6c,13.721659333333335,protein_coding,3.209958246534213,MM,True,False,True
ENSMUSG00000010154,10090.ENSMUSP00000010298,Spire2,20.350711333333336,protein_coding,3.7260012107418325,MM,True,False,True
ENSMUSG00000033577,10090.ENSMUSP00000036181,Myo6,2.2871669999999997,protein_coding,1.2492956530780182,MM,True,False,True
ENSMUSG00000026510,10090.ENSMUSP00000112508,Trp53bp2,2.9684070000000005,protein_coding,1.4777078906194565,MM,True,False,False
ENSMUSG00000029730,10090.ENSMUSP00000000505,Mcm7,136.780815,protein_coding,6.379352274128596,MM,True,False,True
ENSMUSG00000005683,10090.ENSMUSP00000005826,Cs,26.669076,protein_coding,4.091017925560297,MM,True,False,True
ENSMUSG00000033769,10090.ENSMUSP00000125312,Exoc6b,7.845265666666666,protein_coding,2.5155250014323656,MM,True,False,True
ENSMUSG00000032580,10090.ENSMUSP00000138379,Rbm5,71.86112966666667,protein_coding,5.467435242243608,MM,True,False,True
ENSMUSG00000038827,10090.ENSMUSP00000047275,Abitram,12.200423666666667,protein_coding,3.060083940707005,MM,True,False,False
ENSMUSG00000015126,10090.ENSMUSP00000068511,Tsr3,18.665572,protein_coding,3.611491618721659,MM,True,False,False
ENSMUSG00000031521,10090.ENSMUSP00000033920,Aga,11.582286000000002,protein_coding,2.994046051609077,MM,True,False,False
ENSMUSG00000020166,10090.ENSMUSP00000100902,Cnot2,76.44350166666669,protein_coding,5.553704044636211,MM,True,False,True
ENSMUSG00000022957,10090.ENSMUSP00000109635,Itsn1,8.881526,protein_coding,2.6654522756789074,MM,True,False,True
ENSMUSG00000027351,10090.ENSMUSP00000028829,Spred1,2.0085926666666665,protein_coding,1.1432225144094466,MM,True,False,True
ENSMUSG00000040521,10090.ENSMUSP00000042134,Tsfm,15.474785000000002,protein_coding,3.3648926377062645,MM,True,False,True
ENSMUSG00000030101,10090.ENSMUSP00000032191,Sumf1,2.007347333333333,protein_coding,1.1423154031698592,MM,True,False,False
ENSMUSG00000020612,10090.ENSMUSP00000056500,Prkar1a,116.86433166666666,protein_coding,6.155537657236263,MM,True,False,True
ENSMUSG00000022838,10090.ENSMUSP00000110477,Eaf2,3.700963,protein_coding,1.6898397530098264,MM,True,False,True
ENSMUSG00000073702,10090.ENSMUSP00000137631,Rpl31,241.64462766666668,protein_coding,7.19256701719989,MM,True,False,True
ENSMUSG00000050323,10090.ENSMUSP00000062039,Ndufaf6,2.2859146666666663,protein_coding,1.248168853605552,MM,True,False,True
ENSMUSG00000020914,10090.ENSMUSP00000068896,Top2a,149.59643033333333,protein_coding,6.507877812076842,MM,True,True,True
ENSMUSG00000038462,10090.ENSMUSP00000045284,Uqcrfs1,157.28392033333333,protein_coding,6.579227112606651,MM,True,False,True
ENSMUSG00000006315,10090.ENSMUSP00000006478,Tmem147,41.434213,protein_coding,4.695781512039143,MM,True,False,True
ENSMUSG00000026577,10090.ENSMUSP00000027866,Blzf1,51.73565666666667,protein_coding,5.00534974107518,MM,True,False,True
ENSMUSG00000067818,10090.ENSMUSP00000085913,Myl9,2.0959446666666666,protein_coding,1.1764634179117788,MM,True,False,True
ENSMUSG00000006024,10090.ENSMUSP00000006181,Napa,48.41135033333333,protein_coding,4.912404764741442,MM,True,False,True
ENSMUSG00000041144,10090.ENSMUSP00000068738,Dnah7b,33.502672999999994,protein_coding,4.402850375847808,MM,True,False,False
ENSMUSG00000022629,10090.ENSMUSP00000085985,Kif21a,1.2997796666666668,protein_coding,0.8337890307775214,MM,True,False,True
ENSMUSG00000003458,10090.ENSMUSP00000003550,Ncstn,25.46868633333333,protein_coding,4.028357093444313,MM,True,True,True
ENSMUSG00000027799,10090.ENSMUSP00000029374,Nbea,5.987277,protein_coding,2.2020163337386336,MM,True,False,False
ENSMUSG00000021377,10090.ENSMUSP00000021807,Dek,17.870555666666665,protein_coding,3.5559627071140696,MM,True,False,False
ENSMUSG00000070372,10090.ENSMUSP00000102381,Capza1,146.63367200000005,protein_coding,6.479333549423173,MM,True,False,True
ENSMUSG00000003269,10090.ENSMUSP00000103357,Cyth2,155.541148,protein_coding,6.563074906549899,MM,True,False,True
ENSMUSG00000022673,10090.ENSMUSP00000023353,Mcm4,2.304624,protein_coding,1.254842331290922,MM,True,False,True
ENSMUSG00000027606,10090.ENSMUSP00000029132,Dnajc5b,48.39678066666666,protein_coding,4.911934423086666,MM,True,False,True
ENSMUSG00000028140,10090.ENSMUSP00000029786,Mrpl9,32.65943866666667,protein_coding,4.367590645203084,MM,True,False,True
ENSMUSG00000044447,10090.ENSMUSP00000036674,Dock5,1.3901363333333334,protein_coding,0.876758300510772,MM,True,False,False
ENSMUSG00000028413,10090.ENSMUSP00000030121,B4galt1,4.002398,protein_coding,1.76858748185145,MM,True,False,True
ENSMUSG00000031516,10090.ENSMUSP00000033913,Dctn6,98.19591,protein_coding,5.908024020402968,MM,True,True,True
ENSMUSG00000024392,10090.ENSMUSP00000025250,Bag6,243.020365,protein_coding,7.200690560849889,MM,True,False,True
ENSMUSG00000039747,10090.ENSMUSP00000037137,Orai2,3.436684333333333,protein_coding,1.6168250306488212,MM,True,False,True
ENSMUSG00000005514,10090.ENSMUSP00000005651,Por,6.2418413333333325,protein_coding,2.248602334390768,MM,True,False,True
ENSMUSG00000055943,10090.ENSMUSP00000068610,Emc7,12.561776000000002,protein_coding,3.096917035103528,MM,True,False,True
ENSMUSG00000033257,10090.ENSMUSP00000037406,Ttll4,12.957913666666668,protein_coding,3.1366412011545917,MM,True,False,True
ENSMUSG00000066724,10090.ENSMUSP00000136537,Gm10175,6.426551666666668,transcribed_processed_pseudogene,2.2826935270020927,MM,True,False,False
ENSMUSG00000020930,10090.ENSMUSP00000021307,Ccdc103,29.16161033333334,protein_coding,4.2126509906931275,MM,True,False,True
ENSMUSG00000038244,10090.ENSMUSP00000051163,Mical2,49.221601,protein_coding,4.936446242149109,MM,True,False,False
ENSMUSG00000079108,10090.ENSMUSP00000106336,Srp54c,52.99395233333333,protein_coding,5.0396039769715735,MM,True,False,True
ENSMUSG00000029623,10090.ENSMUSP00000031627,Pdap1,91.32494833333334,protein_coding,5.805336107300999,MM,True,False,False
ENSMUSG00000022109,10090.ENSMUSP00000022705,Med4,73.06610366666666,protein_coding,5.490526724866825,MM,True,False,True
ENSMUSG00000025047,10090.ENSMUSP00000072008,Pdcd11,4.645844666666666,protein_coding,1.9238707596179632,MM,True,False,True
ENSMUSG00000078348,10090.ENSMUSP00000100771,Sf3b5,7.042306666666666,protein_coding,2.3873994901211417,MM,True,False,True
ENSMUSG00000059811,10090.ENSMUSP00000064758,Atl2,35.82519300000001,protein_coding,4.495458253841429,MM,True,False,True
ENSMUSG00000027746,10090.ENSMUSP00000118478,Ufm1,15.342096333333336,protein_coding,3.3539333666305975,MM,True,False,True
ENSMUSG00000013275,10090.ENSMUSP00000083747,Slc41a1,7.507308999999999,protein_coding,2.4634779011221077,MM,True,False,False
ENSMUSG00000021094,10090.ENSMUSP00000021512,Dhrs7,10.118139666666666,protein_coding,2.8252962354872815,MM,True,False,True
ENSMUSG00000044042,10090.ENSMUSP00000099606,Fmn1,17.065771666666667,protein_coding,3.4937704137688264,MM,True,False,False
ENSMUSG00000038417,10090.ENSMUSP00000039598,Fig4,8.530294666666668,protein_coding,2.6162020946200077,MM,True,False,True
ENSMUSG00000059554,10090.ENSMUSP00000079671,Ccdc28a,9.967149000000001,protein_coding,2.805908479369337,MM,True,False,False
ENSMUSG00000021759,10090.ENSMUSP00000016144,Plpp1,78.02320100000001,protein_coding,5.582970206565367,MM,True,True,False
ENSMUSG00000002107,10090.ENSMUSP00000110584,Celf2,1.4156220000000002,protein_coding,0.888589872726015,MM,True,False,True
ENSMUSG00000024855,10090.ENSMUSP00000025786,Pacs1,59.98299033333333,protein_coding,5.212571984567441,MM,True,False,True
ENSMUSG00000027562,10090.ENSMUSP00000029078,Car2,10.749827000000002,protein_coding,2.899893833878117,MM,True,False,True
ENSMUSG00000034021,10090.ENSMUSP00000016569,Pds5b,16.640062,protein_coding,3.460826205355411,MM,True,False,True
ENSMUSG00000028800,10090.ENSMUSP00000099657,Hdac1,182.3793026666667,protein_coding,6.79050613807612,MM,True,False,True
ENSMUSG00000040263,10090.ENSMUSP00000043439,Klhdc4,8.778493666666666,protein_coding,2.650167141313868,MM,True,False,True
ENSMUSG00000026854,10090.ENSMUSP00000099913,Usp20,37.683935666666656,protein_coding,4.564213462658682,MM,True,True,True
ENSMUSG00000037216,10090.ENSMUSP00000038739,Lipt1,8.414657666666667,protein_coding,2.598184936590042,MM,True,False,True
ENSMUSG00000015176,10090.ENSMUSP00000128331,Nolc1,25.779646,protein_coding,4.0443202339932185,MM,True,False,False
ENSMUSG00000055725,10090.ENSMUSP00000108593,Paqr3,2.7394176666666668,protein_coding,1.4042936981467777,MM,True,False,True
ENSMUSG00000025364,10090.ENSMUSP00000026425,Pa2g4,193.30853766666667,protein_coding,6.874011481492901,MM,True,False,False
ENSMUSG00000041679,10090.ENSMUSP00000063248,Lrrc29,37.393238000000004,protein_coding,4.55347036025706,MM,True,True,True
ENSMUSG00000022337,10090.ENSMUSP00000022962,Emc2,129.28235633333335,protein_coding,6.299906425149821,MM,True,False,True
ENSMUSG00000033623,10090.ENSMUSP00000041790,Pcgf3,1.565824,protein_coding,0.9577979899970417,MM,True,False,True
ENSMUSG00000024982,10090.ENSMUSP00000076157,Zdhhc6,29.93907233333333,protein_coding,4.248808604454107,MM,True,False,False
ENSMUSG00000062202,10090.ENSMUSP00000127300,Btbd9,6.4930356666666675,protein_coding,2.2958562203772956,MM,True,False,False
ENSMUSG00000005362,10090.ENSMUSP00000108865,Crbn,121.04778033333334,protein_coding,6.2061471732249816,MM,True,False,True
ENSMUSG00000039740,10090.ENSMUSP00000043580,Alg2,7.6272020000000005,protein_coding,2.4830708211856467,MM,True,False,True
ENSMUSG00000041341,10090.ENSMUSP00000037441,Atg2b,9.220151666666666,protein_coding,2.7110369893912316,MM,True,False,True
ENSMUSG00000034883,10090.ENSMUSP00000106251,Lrr1,1.282184,protein_coding,0.824464553259108,MM,True,False,True
ENSMUSG00000000276,10090.ENSMUSP00000103526,Dgke,3.4820773333333332,protein_coding,1.6296741529141572,MM,True,True,True
ENSMUSG00000024098,10090.ENSMUSP00000024906,Twsg1,3.4073080000000004,protein_coding,1.609011363493666,MM,True,False,False
ENSMUSG00000066148,10090.ENSMUSP00000081572,Prpf4,6.468647000000002,protein_coding,2.2901847212071544,MM,True,False,True
ENSMUSG00000022471,10090.ENSMUSP00000068559,Xrcc6,13.972920000000002,protein_coding,3.2327286948719687,MM,True,False,True
ENSMUSG00000030766,10090.ENSMUSP00000102050,Arhgap17,2.954226666666667,protein_coding,1.474024268013732,MM,True,False,False
ENSMUSG00000053877,10090.ENSMUSP00000140036,Srcap,6.284032666666667,protein_coding,2.2570819463439857,MM,True,False,True
ENSMUSG00000031545,10090.ENSMUSP00000127325,Gpat4,96.782898,protein_coding,5.8880007780901344,MM,True,False,True
ENSMUSG00000028692,10090.ENSMUSP00000030455,Akr1a1,81.80613733333333,protein_coding,5.64955280680284,MM,True,False,True
ENSMUSG00000021156,10090.ENSMUSP00000059767,Zmynd11,11.839567666666666,protein_coding,3.021622627686614,MM,True,False,False
ENSMUSG00000020954,10090.ENSMUSP00000013130,Strn3,14.193357,protein_coding,3.2544125862169184,MM,True,False,True
ENSMUSG00000036712,10090.ENSMUSP00000039834,Cyld,3.4853696666666667,protein_coding,1.6309615971565667,MM,True,False,False
ENSMUSG00000050490,10090.ENSMUSP00000078625,Gm8394,6.263660000000002,processed_pseudogene,2.253844989512742,MM,True,False,True
ENSMUSG00000028333,10090.ENSMUSP00000099990,Anp32b,113.57836433333334,protein_coding,6.115601831758123,MM,True,True,False
ENSMUSG00000070780,10090.ENSMUSP00000092349,Rbm47,2.129312,protein_coding,1.189485334151209,MM,True,False,True
ENSMUSG00000005609,10090.ENSMUSP00000005749,Ctr9,52.39059333333334,protein_coding,5.022918343979777,MM,True,False,True
ENSMUSG00000040331,10090.ENSMUSP00000125300,Nsmce4a,74.060857,protein_coding,5.509572719947621,MM,True,True,True
ENSMUSG00000038633,10090.ENSMUSP00000048519,Degs1,3.986059333333333,protein_coding,1.7644531684021894,MM,True,False,True
ENSMUSG00000062397,10090.ENSMUSP00000077996,Zfp706,65.04102066666667,protein_coding,5.3261028947129265,MM,True,False,False
ENSMUSG00000021065,10090.ENSMUSP00000054530,Fut8,31.298972999999997,protein_coding,4.30964907582113,MM,True,False,True
ENSMUSG00000032051,10090.ENSMUSP00000034552,Fdx1,166.951314,protein_coding,6.6642907005269,MM,True,False,True
ENSMUSG00000020091,10090.ENSMUSP00000020288,Eif4ebp2,8.391314666666666,protein_coding,2.596222521476763,MM,True,False,True
ENSMUSG00000021639,10090.ENSMUSP00000065228,Gtf2h2,56.99704733333334,protein_coding,5.141565980107494,MM,True,False,True
ENSMUSG00000040667,10090.ENSMUSP00000048101,Nup88,143.74421200000003,protein_coding,6.450911687191517,MM,True,False,True
ENSMUSG00000056820,10090.ENSMUSP00000075290,Tsnax,40.12681966666667,protein_coding,4.652017930151296,MM,True,False,True
ENSMUSG00000029467,10090.ENSMUSP00000031423,Atp2a2,75.94602733333333,protein_coding,5.545218633731171,MM,True,False,False
ENSMUSG00000037089,10090.ENSMUSP00000037834,Slc35b2,1.7830433333333335,protein_coding,1.050971084668281,MM,True,False,True
ENSMUSG00000034274,10090.ENSMUSP00000045580,Thoc5,92.77517433333333,protein_coding,5.827781864581624,MM,True,False,True
ENSMUSG00000024581,10090.ENSMUSP00000025474,Napg,8.484884,protein_coding,2.609116827154953,MM,True,False,True
ENSMUSG00000037736,10090.ENSMUSP00000098723,Limch1,2.991299333333333,protein_coding,1.4848319363308518,MM,True,False,False
ENSMUSG00000078919,10090.ENSMUSP00000118776,Dpm1,117.563779,protein_coding,6.163805024231482,MM,True,False,True
ENSMUSG00000020873,10090.ENSMUSP00000021243,Slc35b1,33.351533333333336,protein_coding,4.396374685082202,MM,True,False,True
ENSMUSG00000002307,10090.ENSMUSP00000128504,Daxx,135.993589,protein_coding,6.371159394518943,MM,True,False,True
ENSMUSG00000020780,10090.ENSMUSP00000021133,Srp68,72.510076,protein_coding,5.479111269594836,MM,True,False,True
ENSMUSG00000032119,10090.ENSMUSP00000034629,Hinfp,7.591829666666666,protein_coding,2.4769188283561343,MM,True,True,False
ENSMUSG00000096141,10090.ENSMUSP00000092571,Dnah7a,53.41319866666666,protein_coding,5.050142284921098,MM,True,False,False
ENSMUSG00000039183,10090.ENSMUSP00000049319,Nubp2,254.65240466666668,protein_coding,7.268010120314287,MM,True,False,True
ENSMUSG00000029310,10090.ENSMUSP00000031250,Nudt9,183.96565766666663,protein_coding,6.8027002515143895,MM,True,False,True
ENSMUSG00000029823,10090.ENSMUSP00000055254,Luc7l2,213.85957866666664,protein_coding,7.018812756828033,MM,True,True,True
ENSMUSG00000026887,10090.ENSMUSP00000028250,Mrrf,39.603087,protein_coding,4.633693297460247,MM,True,False,True
ENSMUSG00000028999,10090.ENSMUSP00000030852,Rint1,4.856547333333333,protein_coding,1.971818563273571,MM,True,False,True
ENSMUSG00000036737,10090.ENSMUSP00000042155,Oxsr1,3.8646476666666665,protein_coding,1.7338435446119758,MM,True,False,True
ENSMUSG00000006390,10090.ENSMUSP00000006557,Elovl1,5.364902666666667,protein_coding,2.079770514039119,MM,True,True,False
ENSMUSG00000058589,10090.ENSMUSP00000138539,Anks1b,3.979012333333333,protein_coding,1.7629817473876193,MM,True,False,True
ENSMUSG00000025190,10090.ENSMUSP00000026196,Got1,6.496940333333333,protein_coding,2.2948833138729885,MM,True,False,True
ENSMUSG00000014426,10090.ENSMUSP00000086459,Map3k4,5.857026666666666,protein_coding,2.1768651708156836,MM,True,False,False
ENSMUSG00000000127,10090.ENSMUSP00000000129,Fer,49.31631733333334,protein_coding,4.938690922438167,MM,True,False,True
ENSMUSG00000029415,10090.ENSMUSP00000031364,Sdad1,43.54108300000001,protein_coding,4.765183152687985,MM,True,False,False
ENSMUSG00000060152,10090.ENSMUSP00000080215,Pop5,3.870598333333333,protein_coding,1.7346047128398951,MM,True,False,True
ENSMUSG00000041236,10090.ENSMUSP00000072729,Vps41,18.790937666666668,protein_coding,3.6211618879744667,MM,True,False,True
ENSMUSG00000004393,10090.ENSMUSP00000004507,Ddx56,32.10441233333333,protein_coding,4.343762695842212,MM,True,False,False
ENSMUSG00000026546,10090.ENSMUSP00000083057,Cfap45,405.659037,protein_coding,7.936576449440708,MM,True,False,True
ENSMUSG00000033382,10090.ENSMUSP00000025177,Trappc8,29.48189966666667,protein_coding,4.227848796537917,MM,True,False,True
ENSMUSG00000021102,10090.ENSMUSP00000021522,Glrx5,5.875607,protein_coding,2.180867649638354,MM,True,False,True
ENSMUSG00000048486,10090.ENSMUSP00000105045,Fitm2,3.925091333333333,protein_coding,1.7491685240417487,MM,True,False,False
ENSMUSG00000011831,10090.ENSMUSP00000108261,Evi5,6.3640523333333325,protein_coding,2.2708996598969224,MM,True,False,False
ENSMUSG00000036285,10090.ENSMUSP00000045948,Noa1,3.8572370000000005,protein_coding,1.731004631823144,MM,True,True,True
ENSMUSG00000028961,10090.ENSMUSP00000081141,Pgd,11.057788333333335,protein_coding,2.9353529404149423,MM,True,False,True
ENSMUSG00000022300,10090.ENSMUSP00000022909,Dcaf13,31.033956,protein_coding,4.297802830202359,MM,True,True,True
ENSMUSG00000026198,10090.ENSMUSP00000027396,Abcb6,22.11828,protein_coding,3.8362755115615794,MM,True,False,True
ENSMUSG00000029423,10090.ENSMUSP00000083222,Piwil1,255.724482,protein_coding,7.274126776634355,MM,True,True,True
ENSMUSG00000059119,10090.ENSMUSP00000072510,Nap1l4,167.28310633333334,protein_coding,6.667173062627106,MM,True,False,False
ENSMUSG00000031358,10090.ENSMUSP00000107765,Msl3,2.840851333333333,protein_coding,1.4379148266035906,MM,True,False,False
ENSMUSG00000020235,10090.ENSMUSP00000114203,Fzr1,46.317229,protein_coding,4.849774483675854,MM,True,False,True
ENSMUSG00000025792,10090.ENSMUSP00000026899,Slc25a10,26.683582666666666,protein_coding,4.091045551223292,MM,True,True,False
ENSMUSG00000079426,10090.ENSMUSP00000114839,Arpc4,10.959143666666668,protein_coding,2.9241309948031398,MM,True,False,True
ENSMUSG00000038240,10090.ENSMUSP00000093393,Pdss2,3.3597330000000003,protein_coding,1.5955603105524787,MM,True,False,True
ENSMUSG00000032067,10090.ENSMUSP00000034570,Pts,1.8099663333333336,protein_coding,1.0621638589920956,MM,True,False,True
ENSMUSG00000060121,10090.ENSMUSP00000021379,Gemin2,8.439640000000002,protein_coding,2.603728484673864,MM,True,False,True
ENSMUSG00000031924,10090.ENSMUSP00000034400,Cyb5b,25.927391,protein_coding,4.052714801561124,MM,True,False,True
ENSMUSG00000006392,10090.ENSMUSP00000019229,Med8,85.43640899999998,protein_coding,5.711548015572046,MM,True,False,False
ENSMUSG00000000561,10090.ENSMUSP00000010278,Wdr77,16.543024,protein_coding,3.452920623786963,MM,True,False,False
ENSMUSG00000035696,10090.ENSMUSP00000095702,Rnf38,77.202151,protein_coding,5.568257411975957,MM,True,False,False
ENSMUSG00000069255,10090.ENSMUSP00000093603,Dusp22,43.67643466666666,protein_coding,4.769526121723422,MM,True,False,True
ENSMUSG00000000804,10090.ENSMUSP00000103710,Usp32,90.37897733333334,protein_coding,5.7910760246259905,MM,True,False,False
ENSMUSG00000059208,10090.ENSMUSP00000120115,Hnrnpm,244.84984366666663,protein_coding,7.21207627219387,MM,True,True,True
ENSMUSG00000031988,10090.ENSMUSP00000034470,Vps26b,1.7993653333333337,protein_coding,1.0579910875762286,MM,True,False,True
ENSMUSG00000031938,10090.ENSMUSP00000136717,4931406C07Rik,25.50726233333333,protein_coding,4.030508826491816,MM,True,True,True
ENSMUSG00000005893,10090.ENSMUSP00000109087,Nr2c2,18.373517,protein_coding,3.5914567808401494,MM,True,True,False
ENSMUSG00000004846,10090.ENSMUSP00000004968,Plod3,5.791592666666666,protein_coding,2.1635089298680357,MM,True,False,True
ENSMUSG00000058704,10090.ENSMUSP00000077553,Memo1,170.072708,protein_coding,6.690031659527269,MM,True,True,False
ENSMUSG00000020899,10090.ENSMUSP00000021282,Pfas,5.683891,protein_coding,2.143909927299063,MM,True,False,True
ENSMUSG00000031284,10090.ENSMUSP00000108485,Pak3,1.3503793333333334,protein_coding,0.85778782688765,MM,True,False,True
ENSMUSG00000006019,10090.ENSMUSP00000113393,Dhx34,11.061942333333334,protein_coding,2.9352345566521603,MM,True,False,False
ENSMUSG00000021772,10090.ENSMUSP00000121496,Nkiras1,19.615910666666668,protein_coding,3.6772850084817947,MM,True,False,True
ENSMUSG00000050244,10090.ENSMUSP00000054084,Heatr1,22.75473733333333,protein_coding,3.876602433433647,MM,True,False,True
ENSMUSG00000028896,10090.ENSMUSP00000081271,Rcc1,43.95930233333333,protein_coding,4.777884073725336,MM,True,False,True
ENSMUSG00000024414,10090.ENSMUSP00000025278,Mrpl27,10.992480333333333,protein_coding,2.928554963533832,MM,True,True,True
ENSMUSG00000061759,10090.ENSMUSP00000093581,Armt1,239.3271993333333,protein_coding,7.178595739404035,MM,True,True,False
ENSMUSG00000021929,10090.ENSMUSP00000022496,Kpna3,13.202426333333335,protein_coding,3.1608805070696477,MM,True,False,False
ENSMUSG00000021948,10090.ENSMUSP00000107830,Prkcd,16.772417666666666,protein_coding,3.471138632550909,MM,True,False,False
ENSMUSG00000022052,10090.ENSMUSP00000086640,Ppp2r2a,56.30109666666666,protein_coding,5.12394361325588,MM,True,False,True
ENSMUSG00000031068,10090.ENSMUSP00000066621,Glrx3,715.2127889999999,protein_coding,8.752504036725346,MM,True,False,True
ENSMUSG00000096403,10090.ENSMUSP00000136814,Gm9825,7.761087333333332,processed_pseudogene,2.5024628299704808,MM,True,False,True
ENSMUSG00000078496,10090.ENSMUSP00000101346,Zfp982,4.622738333333333,protein_coding,1.9185967711375116,MM,True,False,False
ENSMUSG00000026239,10090.ENSMUSP00000027444,Pde6d,144.01752199999999,protein_coding,6.453100167771602,MM,True,False,True
ENSMUSG00000033365,10090.ENSMUSP00000035989,Ipo13,50.04054133333333,protein_coding,4.958253771581107,MM,True,False,False
ENSMUSG00000030741,10090.ENSMUSP00000032994,Spns1,6.628835666666667,protein_coding,2.316925205034481,MM,True,False,False
ENSMUSG00000030265,10090.ENSMUSP00000032399,Kras,11.997924000000001,protein_coding,3.038527547107619,MM,True,False,True
ENSMUSG00000022604,10090.ENSMUSP00000023270,Cep97,10.094028333333334,protein_coding,2.8212015430590656,MM,True,False,True
ENSMUSG00000030056,10090.ENSMUSP00000086923,Isy1,5.5687,protein_coding,2.1206243278576378,MM,True,False,False
ENSMUSG00000037935,10090.ENSMUSP00000099422,Smarce1,65.334947,protein_coding,5.333017727788148,MM,True,False,True
ENSMUSG00000026558,10090.ENSMUSP00000027839,Uck2,32.985206,protein_coding,4.381269896210774,MM,True,False,True
ENSMUSG00000039477,10090.ENSMUSP00000114769,Tnrc18,5.977350333333334,protein_coding,2.199702284537069,MM,True,False,False
ENSMUSG00000002814,10090.ENSMUSP00000002891,Top3a,27.953614,protein_coding,4.154591444699977,MM,True,False,True
ENSMUSG00000042616,10090.ENSMUSP00000045241,Oscp1,144.27911633333332,protein_coding,6.45665108074351,MM,True,False,True
ENSMUSG00000015243,10090.ENSMUSP00000030010,Abca1,4.0969896666666665,protein_coding,1.792868814677645,MM,True,True,False
ENSMUSG00000038116,10090.ENSMUSP00000043138,Phf20,6.154864666666667,protein_coding,2.2334067748621016,MM,True,False,True
ENSMUSG00000019494,10090.ENSMUSP00000019638,Cops6,130.105367,protein_coding,6.307384921868817,MM,True,False,True
ENSMUSG00000037253,10090.ENSMUSP00000089463,Mex3c,12.915278333333333,protein_coding,3.1324545017688523,MM,True,False,True
ENSMUSG00000042303,10090.ENSMUSP00000043311,Sgsm3,55.12938199999999,protein_coding,5.093583880042053,MM,True,False,True
ENSMUSG00000022956,10090.ENSMUSP00000023677,Atp5o,273.83013900000003,protein_coding,7.372469224298766,MM,True,False,True
ENSMUSG00000028271,10090.ENSMUSP00000029938,Gtf2b,166.28205866666667,protein_coding,6.658552180425119,MM,True,True,True
ENSMUSG00000025231,10090.ENSMUSP00000107498,Sufu,22.65146566666667,protein_coding,3.870179319303174,MM,True,False,False
ENSMUSG00000057262,10090.ENSMUSP00000130678,Gm10020,27.45424133333333,processed_pseudogene,4.130356477231983,MM,True,False,True
ENSMUSG00000021866,10090.ENSMUSP00000022416,Anxa11,3.4271453333333333,protein_coding,1.6144004657229185,MM,True,False,False
ENSMUSG00000024943,10090.ENSMUSP00000084837,Smc5,193.614848,protein_coding,6.8765618474472445,MM,True,False,True
ENSMUSG00000036940,10090.ENSMUSP00000111977,Kdm1a,89.97950733333332,protein_coding,5.784535103138252,MM,True,False,True
ENSMUSG00000079469,10090.ENSMUSP00000139269,Pigb,1.2709386666666669,protein_coding,0.8190269340314708,MM,True,False,True
ENSMUSG00000042557,10090.ENSMUSP00000130221,Sin3a,24.003386000000006,protein_coding,3.948994638278396,MM,True,False,True
ENSMUSG00000037772,10090.ENSMUSP00000039784,Mrpl23,2.2573263333333333,protein_coding,1.2360359860804508,MM,True,False,True
ENSMUSG00000022193,10090.ENSMUSP00000022803,Psmb5,47.85284566666667,protein_coding,4.895704461292011,MM,True,False,True
ENSMUSG00000009907,10090.ENSMUSP00000092230,Vps4b,17.731875666666667,protein_coding,3.544095355788311,MM,True,False,True
ENSMUSG00000031672,10090.ENSMUSP00000034097,Got2,2.353073333333333,protein_coding,1.2724488656616715,MM,True,False,True
ENSMUSG00000079553,10090.ENSMUSP00000134572,Kifc1,10.881427333333333,protein_coding,2.9148703781359635,MM,True,False,True
ENSMUSG00000035621,10090.ENSMUSP00000046967,Midn,2.506133,protein_coding,1.3255307153267861,MM,True,False,True
ENSMUSG00000030505,10090.ENSMUSP00000032715,Prmt3,2.33023,protein_coding,1.2637047025403578,MM,True,False,True
ENSMUSG00000019794,10090.ENSMUSP00000132514,Katna1,15.289791,protein_coding,3.3504918251808173,MM,True,False,True
ENSMUSG00000026526,10090.ENSMUSP00000027810,Fh1,4.666342,protein_coding,1.928745643386983,MM,True,False,True
ENSMUSG00000030653,10090.ENSMUSP00000131553,Gm45837,4.043788666666667,protein_coding,1.7796480294261403,MM,True,False,True
ENSMUSG00000041736,10090.ENSMUSP00000037039,Tspo,1.2798226666666668,protein_coding,0.8227122033575005,MM,True,False,True
ENSMUSG00000034951,10090.ENSMUSP00000058990,Cog7,42.42435966666667,protein_coding,4.72857643222399,MM,True,False,True
ENSMUSG00000027566,10090.ENSMUSP00000029082,Psma7,23.733550000000005,protein_coding,3.93347220632131,MM,True,False,True
ENSMUSG00000021786,10090.ENSMUSP00000022311,Oxsm,9.342832,protein_coding,2.727128442611781,MM,True,False,True
ENSMUSG00000028464,10090.ENSMUSP00000030184,Tpm2,2.601121,protein_coding,1.358241330847519,MM,True,False,True
ENSMUSG00000032702,10090.ENSMUSP00000042177,Kank1,1.0635066666666668,protein_coding,0.7130235734851998,MM,True,False,True
ENSMUSG00000042672,10090.ENSMUSP00000065502,Dcst1,12.205115,protein_coding,3.059821966583448,MM,True,False,False
ENSMUSG00000020715,10090.ENSMUSP00000001059,Ern1,1.027907,protein_coding,0.6947515513981143,MM,True,False,False
ENSMUSG00000053279,10090.ENSMUSP00000084918,Aldh1a1,190.257838,protein_coding,6.851461085724878,MM,True,False,False
ENSMUSG00000041879,10090.ENSMUSP00000036093,Ipo9,17.541577,protein_coding,3.5300170814306386,MM,True,False,True
ENSMUSG00000059775,10090.ENSMUSP00000076447,Rps26-ps1,60.57259333333334,transcribed_processed_pseudogene,5.225473019443411,MM,True,False,True
ENSMUSG00000000037,10090.ENSMUSP00000076593,Scml2,4.121400666666667,protein_coding,1.799720764375306,MM,True,False,False
ENSMUSG00000009293,10090.ENSMUSP00000133515,Ube2g2,13.662990666666667,protein_coding,3.2040747065451805,MM,True,False,False
ENSMUSG00000020869,10090.ENSMUSP00000021239,Lrrc59,81.59883366666669,protein_coding,5.64605761046186,MM,True,False,True
ENSMUSG00000076441,10090.ENSMUSP00000099904,Ass1,50.08082166666667,protein_coding,4.959706070065622,MM,True,False,True
ENSMUSG00000043683,10090.ENSMUSP00000057996,Fem1a,4.3924949999999985,protein_coding,1.8647978662480822,MM,True,False,True
ENSMUSG00000061859,10090.ENSMUSP00000049176,Patj,1.5845353333333334,protein_coding,0.9657286378793897,MM,True,False,False
ENSMUSG00000037363,10090.ENSMUSP00000078160,Letm2,161.88537066666666,protein_coding,6.62027275146325,MM,True,False,False
ENSMUSG00000051506,10090.ENSMUSP00000117068,Wdfy4,6.937694666666666,protein_coding,2.370692427900254,MM,True,False,False
ENSMUSG00000052955,10090.ENSMUSP00000131462,Cpvl,5.2398636666666665,protein_coding,2.0530825981516343,MM,True,False,False
ENSMUSG00000001983,10090.ENSMUSP00000002048,Taco1,4.720375333333333,protein_coding,1.941048326464884,MM,True,True,True
ENSMUSG00000073616,10090.ENSMUSP00000095247,Cops9,268.8668926666667,protein_coding,7.345863654455672,MM,True,False,False
ENSMUSG00000013539,10090.ENSMUSP00000111291,Tango2,5.29135,protein_coding,2.063955813035551,MM,True,False,False
ENSMUSG00000029427,10090.ENSMUSP00000031376,Zcchc8,16.62479466666667,protein_coding,3.4595239481654008,MM,True,False,True
ENSMUSG00000090213,10090.ENSMUSP00000006587,Tmem189,11.745287,protein_coding,3.011094536286581,MM,True,False,True
ENSMUSG00000038812,10090.ENSMUSP00000112250,Trmt112,36.40120433333335,protein_coding,4.517608650640614,MM,True,False,True
ENSMUSG00000022565,10090.ENSMUSP00000075772,Plec,27.878067666666666,protein_coding,4.1501044301379775,MM,True,False,False
ENSMUSG00000032905,10090.ENSMUSP00000038489,Atg12,32.24940266666667,protein_coding,4.350701826536883,MM,True,False,True
ENSMUSG00000028420,10090.ENSMUSP00000030127,Tmem38b,38.529819666666654,protein_coding,4.5956418803295955,MM,True,False,False
ENSMUSG00000006720,10090.ENSMUSP00000100043,Zfp184,8.206871000000001,protein_coding,2.5705414594269236,MM,True,True,False
ENSMUSG00000074088,10090.ENSMUSP00000101616,Snrnp40,23.938854000000006,protein_coding,3.9449382602344354,MM,True,False,True
ENSMUSG00000051037,10090.ENSMUSP00000112546,Zfp455,1.6910253333333332,protein_coding,1.0126930938810965,MM,True,True,False
ENSMUSG00000003208,10090.ENSMUSP00000084082,Yju2,16.831265,protein_coding,3.4751054247732958,MM,True,False,False
ENSMUSG00000030649,10090.ENSMUSP00000095839,Anapc15,56.04514700000001,protein_coding,5.116481593844493,MM,True,False,False
ENSMUSG00000014355,10090.ENSMUSP00000014499,Anapc1,12.060479333333333,protein_coding,3.045215667808597,MM,True,True,True
ENSMUSG00000040302,10090.ENSMUSP00000040952,Rbm48,16.102193666666665,protein_coding,3.418025470435941,MM,True,False,True
ENSMUSG00000005103,10090.ENSMUSP00000005234,Wdr1,12.972623,protein_coding,3.1379374146076016,MM,True,False,True
ENSMUSG00000022663,10090.ENSMUSP00000023343,Atg3,44.79415733333334,protein_coding,4.804949009273255,MM,True,False,True
ENSMUSG00000053604,10090.ENSMUSP00000064158,Rpia,18.671191666666665,protein_coding,3.6127672385331517,MM,True,True,True
ENSMUSG00000023973,10090.ENSMUSP00000050309,Cnpy3,22.05990333333333,protein_coding,3.8343336740146072,MM,True,False,True
ENSMUSG00000052997,10090.ENSMUSP00000099807,Uba2,187.85487366666663,protein_coding,6.833057293815023,MM,True,False,True
ENSMUSG00000040913,10090.ENSMUSP00000036505,Fbxw4,4.816675,protein_coding,1.9626288516908246,MM,True,False,True
ENSMUSG00000058600,10090.ENSMUSP00000106014,Rpl30,401.554657,protein_coding,7.9222037644489935,MM,True,False,True
ENSMUSG00000038695,10090.ENSMUSP00000048415,Josd2,20.812146,protein_coding,3.756112239905861,MM,True,True,True
ENSMUSG00000028673,10090.ENSMUSP00000030434,Fuca1,53.626456000000005,protein_coding,5.055035529117691,MM,True,False,False
ENSMUSG00000035901,10090.ENSMUSP00000079295,Dennd5a,16.953303333333334,protein_coding,3.4853273378943666,MM,True,False,False
ENSMUSG00000027573,10090.ENSMUSP00000077753,Gid8,38.538261666666656,protein_coding,4.595863851681253,MM,True,False,True
ENSMUSG00000031511,10090.ENSMUSP00000106534,Arhgef7,26.600354,protein_coding,4.087304362396879,MM,True,False,True
ENSMUSG00000021681,10090.ENSMUSP00000022189,Aggf1,26.103105666666664,protein_coding,4.062151422275607,MM,True,False,False
ENSMUSG00000036613,10090.ENSMUSP00000038845,Eipr1,10.129108333333336,protein_coding,2.8264855750940554,MM,True,False,True
ENSMUSG00000022550,10090.ENSMUSP00000125055,Adck5,9.354638333333334,protein_coding,2.7273320779656953,MM,True,False,True
ENSMUSG00000034088,10090.ENSMUSP00000127903,Hdlbp,195.7687533333333,protein_coding,6.8917007109379975,MM,True,False,False
ENSMUSG00000019868,10090.ENSMUSP00000119829,Vta1,7.824172333333332,protein_coding,2.5121130005699777,MM,True,False,True
ENSMUSG00000053334,10090.ENSMUSP00000071719,Ficd,1.1026886666666669,protein_coding,0.7340478245812234,MM,True,False,True
ENSMUSG00000032437,10090.ENSMUSP00000035010,Stt3b,245.510798,protein_coding,7.216239984071906,MM,True,False,True
ENSMUSG00000022789,10090.ENSMUSP00000111415,Dnm1l,32.78800466666667,protein_coding,4.373574903211889,MM,True,False,True
ENSMUSG00000059883,10090.ENSMUSP00000074471,Irak4,3.094286666666667,protein_coding,1.5165036973492632,MM,True,False,True
ENSMUSG00000034889,10090.ENSMUSP00000059533,Cactin,8.615422333333333,protein_coding,2.62735928652948,MM,True,False,False
ENSMUSG00000029199,10090.ENSMUSP00000031101,Lias,66.05426133333334,protein_coding,5.3480172762694655,MM,True,False,True
ENSMUSG00000041915,10090.ENSMUSP00000111475,Ammecr1l,115.23756666666668,protein_coding,6.13584160958208,MM,True,False,True
ENSMUSG00000013858,10090.ENSMUSP00000056792,Tmem259,55.23258566666666,protein_coding,5.0955453885678015,MM,True,True,False
ENSMUSG00000027282,10090.ENSMUSP00000121851,Mtch2,210.302765,protein_coding,6.994562339062538,MM,True,False,True
ENSMUSG00000022159,10090.ENSMUSP00000022765,Rab2b,16.789912,protein_coding,3.4724523751772227,MM,True,False,True
ENSMUSG00000039110,10090.ENSMUSP00000091477,Mycbpap,63.98996866666666,protein_coding,5.303161900176851,MM,True,False,True
ENSMUSG00000028614,10090.ENSMUSP00000120365,Ndc1,11.593173,protein_coding,2.995455031517646,MM,True,False,False
ENSMUSG00000055371,10090.ENSMUSP00000099820,Stam2,32.483003000000004,protein_coding,4.360428870936695,MM,True,False,True
ENSMUSG00000030795,10090.ENSMUSP00000101858,Fus,113.83145900000001,protein_coding,6.119293932841284,MM,True,False,True
ENSMUSG00000019590,10090.ENSMUSP00000019734,Cyb561,4.245270333333333,protein_coding,1.8288989483067664,MM,True,False,True
ENSMUSG00000041506,10090.ENSMUSP00000038580,Rrp9,7.0646786666666666,protein_coding,2.391299941162508,MM,True,False,True
ENSMUSG00000000171,10090.ENSMUSP00000000175,Sdhd,47.92518466666667,protein_coding,4.8987796407986055,MM,True,False,True
ENSMUSG00000062937,10090.ENSMUSP00000061092,Mtap,1.0198566666666666,protein_coding,0.6899247146520547,MM,True,False,True
ENSMUSG00000032563,10090.ENSMUSP00000035177,Mrpl3,43.10079433333333,protein_coding,4.750450776115591,MM,True,False,True
ENSMUSG00000047674,10090.ENSMUSP00000060774,Pdha2,129.55042,protein_coding,6.302464428236937,MM,True,False,True
ENSMUSG00000032435,10090.ENSMUSP00000035366,Dync1li1,13.635756,protein_coding,3.202208890525486,MM,True,False,True
ENSMUSG00000021577,10090.ENSMUSP00000022062,Sdha,148.005788,protein_coding,6.4924431875182,MM,True,False,True
ENSMUSG00000024732,10090.ENSMUSP00000025639,Ccdc86,16.067391333333333,protein_coding,3.4140732313937376,MM,True,False,True
ENSMUSG00000032299,10090.ENSMUSP00000069078,Commd4,5.411792666666668,protein_coding,2.0884845863591446,MM,True,False,True
ENSMUSG00000002222,10090.ENSMUSP00000002292,Rmnd5a,7.9720483333333325,protein_coding,2.5349614286145705,MM,True,False,True
ENSMUSG00000062742,10090.ENSMUSP00000080543,Gm5239,1.7817070000000002,processed_pseudogene,1.0506444797513437,MM,True,False,True
ENSMUSG00000036430,10090.ENSMUSP00000048696,Tbcc,54.16955933333333,protein_coding,5.068415923490132,MM,True,True,True
ENSMUSG00000037761,10090.ENSMUSP00000046658,Actr5,13.590893666666668,protein_coding,3.196572214212956,MM,True,False,True
ENSMUSG00000057130,10090.ENSMUSP00000115320,Txnl4a,13.281799,protein_coding,3.1678302377630607,MM,True,False,True
ENSMUSG00000021782,10090.ENSMUSP00000087879,Dlg5,2.567679,protein_coding,1.3470672909077357,MM,True,False,True
ENSMUSG00000025857,10090.ENSMUSP00000026975,Dnaaf5,15.412650666666664,protein_coding,3.35985055568749,MM,True,True,True
ENSMUSG00000078974,10090.ENSMUSP00000132348,Sec61g,181.690557,protein_coding,6.784873495340233,MM,True,False,True
ENSMUSG00000021182,10090.ENSMUSP00000082177,Ccdc88c,62.14407733333334,protein_coding,5.262219403629991,MM,True,True,False
ENSMUSG00000020523,10090.ENSMUSP00000104478,Fam114a2,37.867154333333346,protein_coding,4.571525960168378,MM,True,True,False
ENSMUSG00000018800,10090.ENSMUSP00000047927,Abca5,16.476299666666666,protein_coding,3.447997045951974,MM,True,True,False
ENSMUSG00000054942,10090.ENSMUSP00000072836,Miga1,2.8433496666666667,protein_coding,1.438565571468349,MM,True,False,False
ENSMUSG00000008822,10090.ENSMUSP00000008966,Acyp1,330.26456733333333,protein_coding,7.641352888558906,MM,True,True,True
ENSMUSG00000048439,10090.ENSMUSP00000062766,Nupl2,29.192417000000006,protein_coding,4.213975449665595,MM,True,False,True
ENSMUSG00000018796,10090.ENSMUSP00000034046,Acsl1,78.236936,protein_coding,5.586893227348073,MM,True,True,False
ENSMUSG00000005078,10090.ENSMUSP00000061370,Jkamp,2.121093333333333,protein_coding,1.1862129619113304,MM,True,False,False
ENSMUSG00000059854,10090.ENSMUSP00000046204,Hydin,26.622961000000004,protein_coding,4.088701584326449,MM,True,False,True
ENSMUSG00000039069,10090.ENSMUSP00000104529,Mtg2,8.342497999999999,protein_coding,2.588894093185301,MM,True,False,True
ENSMUSG00000059278,10090.ENSMUSP00000123155,Naa38,110.780645,protein_coding,6.079100831856066,MM,True,False,True
ENSMUSG00000022881,10090.ENSMUSP00000023598,Rfc4,42.81340533333334,protein_coding,4.741860604176603,MM,True,True,True
ENSMUSG00000027737,10090.ENSMUSP00000029297,Slc7a11,1.5035033333333334,protein_coding,0.9295779225594651,MM,True,False,False
ENSMUSG00000001627,10090.ENSMUSP00000001672,Ifrd1,41.974802666666655,protein_coding,4.714600477735142,MM,True,False,True
ENSMUSG00000042709,10090.ENSMUSP00000104361,Atpaf2,99.517156,protein_coding,5.927514464975071,MM,True,False,True
ENSMUSG00000063052,10090.ENSMUSP00000071956,Lrrc40,6.312958999999998,protein_coding,2.2622753886886784,MM,True,False,True
ENSMUSG00000034449,10090.ENSMUSP00000043467,Dhrs11,11.882997,protein_coding,3.0262670193041914,MM,True,False,False
ENSMUSG00000026867,10090.ENSMUSP00000108723,Gapvd1,27.541519999999995,protein_coding,4.1351389553319,MM,True,False,True
ENSMUSG00000021518,10090.ENSMUSP00000021990,Ptdss1,26.74789866666667,protein_coding,4.094918907761732,MM,True,False,True
ENSMUSG00000034168,10090.ENSMUSP00000041070,Irf2bpl,1.2907516666666667,protein_coding,0.8283886750817226,MM,True,False,False
ENSMUSG00000034265,10090.ENSMUSP00000086589,Zdhhc14,1.646788666666667,protein_coding,0.9931910277678322,MM,True,False,False
ENSMUSG00000022525,10090.ENSMUSP00000087257,Hrasls,187.94572433333332,protein_coding,6.8338837351368324,MM,True,False,False
ENSMUSG00000024527,10090.ENSMUSP00000025408,Afg3l2,41.24391433333334,protein_coding,4.6895312032856555,MM,True,False,True
ENSMUSG00000021807,10090.ENSMUSP00000022341,Rtraf,265.46289566666667,protein_coding,7.328389552125241,MM,True,True,True
ENSMUSG00000028530,10090.ENSMUSP00000099842,Jak1,8.483663666666667,protein_coding,2.6097403082493096,MM,True,False,True
ENSMUSG00000004264,10090.ENSMUSP00000004375,Phb2,37.84899266666667,protein_coding,4.57004182040131,MM,True,False,True
ENSMUSG00000033826,10090.ENSMUSP00000127878,Dnah8,252.64923100000001,protein_coding,7.257000607839595,MM,True,False,True
ENSMUSG00000068742,10090.ENSMUSP00000088047,Cry2,15.417649,protein_coding,3.360528718485341,MM,True,False,True
ENSMUSG00000018239,10090.ENSMUSP00000018383,Zcchc10,38.950109000000005,protein_coding,4.610880210618677,MM,True,True,False
ENSMUSG00000091449,10090.ENSMUSP00000131269,Gm10269,74.118492,processed_pseudogene,5.509239972014881,MM,True,False,True
ENSMUSG00000039220,10090.ENSMUSP00000084461,Ppp1r10,88.62070966666666,protein_coding,5.763485354005072,MM,True,False,True
ENSMUSG00000030779,10090.ENSMUSP00000049528,Rbbp6,92.47903966666668,protein_coding,5.823627262658894,MM,True,False,True
ENSMUSG00000045482,10090.ENSMUSP00000098035,Trrap,11.037869333333333,protein_coding,2.9330521166832026,MM,True,True,True
ENSMUSG00000062014,10090.ENSMUSP00000107448,Gmfb,164.9331513333333,protein_coding,6.647624061842231,MM,True,False,True
ENSMUSG00000061313,10090.ENSMUSP00000033975,Ddhd2,3.5719903333333334,protein_coding,1.6546903272539755,MM,True,False,False
ENSMUSG00000078765,10090.ENSMUSP00000039406,U2af1l4,46.02264033333334,protein_coding,4.84165882399667,MM,True,False,True
ENSMUSG00000032481,10090.ENSMUSP00000086094,Smarcc1,39.55890033333333,protein_coding,4.632622504876526,MM,True,False,True
ENSMUSG00000023806,10090.ENSMUSP00000024572,Rsph3b,531.0693156666666,protein_coding,8.323806755407965,MM,True,False,True
ENSMUSG00000042719,10090.ENSMUSP00000038977,Naa25,63.935399,protein_coding,5.3039181568140075,MM,True,True,True
ENSMUSG00000022898,10090.ENSMUSP00000023615,Vps26c,15.17964,protein_coding,3.3402397509979154,MM,True,False,True
ENSMUSG00000019731,10090.ENSMUSP00000115754,Slc35e1,1.052778,protein_coding,0.7076355140103849,MM,True,False,True
ENSMUSG00000021248,10090.ENSMUSP00000037583,Tmed10,77.99649033333333,protein_coding,5.5827785819668545,MM,True,False,True
ENSMUSG00000030400,10090.ENSMUSP00000054380,Ercc2,23.093268666666663,protein_coding,3.89622731092579,MM,True,False,True
ENSMUSG00000024947,10090.ENSMUSP00000058149,Men1,4.968852333333333,protein_coding,1.9950559582207898,MM,True,False,True
ENSMUSG00000026797,10090.ENSMUSP00000089051,Stxbp1,15.359324333333333,protein_coding,3.355539931011341,MM,True,False,False
ENSMUSG00000027133,10090.ENSMUSP00000028553,Nop10,62.58626933333333,protein_coding,5.272234139162619,MM,True,False,True
ENSMUSG00000038718,10090.ENSMUSP00000045281,Pbx3,4.860293333333333,protein_coding,1.9723580079632028,MM,True,False,False
ENSMUSG00000021048,10090.ENSMUSP00000021443,Mthfd1,2.61056,protein_coding,1.3616130414759573,MM,True,False,True
ENSMUSG00000035378,10090.ENSMUSP00000108938,Shq1,1.2266956666666669,protein_coding,0.7973154623210751,MM,True,False,False
ENSMUSG00000030276,10090.ENSMUSP00000032414,Ttll3,10.753017666666667,protein_coding,2.899683578566539,MM,True,False,False
ENSMUSG00000027823,10090.ENSMUSP00000029405,Gmps,125.504064,protein_coding,6.2577938649181615,MM,True,False,True
ENSMUSG00000050299,10090.ENSMUSP00000128416,Gm9843,51.34060033333334,processed_pseudogene,4.993799109176842,MM,True,False,True
ENSMUSG00000071337,10090.ENSMUSP00000093425,Tia1,13.488836666666666,protein_coding,3.188737134444203,MM,True,False,False
ENSMUSG00000005299,10090.ENSMUSP00000005431,Letm1,36.28188033333333,protein_coding,4.512307785593385,MM,True,False,True
ENSMUSG00000024853,10090.ENSMUSP00000025774,Sf3b2,299.00390633333336,protein_coding,7.498442730018099,MM,True,False,True
ENSMUSG00000034807,10090.ENSMUSP00000047923,Colgalt1,2.8613506666666666,protein_coding,1.4444045099087113,MM,True,False,True
ENSMUSG00000032212,10090.ENSMUSP00000049112,Sltm,260.57074966666664,protein_coding,7.301682387416791,MM,True,True,False
ENSMUSG00000028070,10090.ENSMUSP00000029708,Naxe,24.886295999999998,protein_coding,3.996486037701006,MM,True,False,True
ENSMUSG00000034681,10090.ENSMUSP00000126345,Rnps1,36.038654,protein_coding,4.503289151734521,MM,True,False,True
ENSMUSG00000062995,10090.ENSMUSP00000040062,Ica1,49.59529733333333,protein_coding,4.946610521381511,MM,True,True,True
ENSMUSG00000027569,10090.ENSMUSP00000029085,Mrgbp,123.696447,protein_coding,6.236507491712394,MM,True,True,True
ENSMUSG00000034218,10090.ENSMUSP00000113388,Atm,1.1226703333333334,protein_coding,0.744582214923438,MM,True,False,True
ENSMUSG00000101678,10090.ENSMUSP00000098957,Gm29609,1.6787236666666665,protein_coding,1.0094546716103612,MM,True,False,True
ENSMUSG00000032555,10090.ENSMUSP00000035164,Topbp1,27.59438566666667,protein_coding,4.137638606143186,MM,True,False,True
ENSMUSG00000025869,10090.ENSMUSP00000026987,Nop16,18.699091,protein_coding,3.614149145099312,MM,True,False,True
ENSMUSG00000024036,10090.ENSMUSP00000128223,Slc37a1,4.413029333333333,protein_coding,1.869211154706004,MM,True,False,False
ENSMUSG00000027977,10090.ENSMUSP00000118207,Ndst3,2.152842,protein_coding,1.198663034415457,MM,True,True,True
ENSMUSG00000055357,10090.ENSMUSP00000069798,4933400A11Rik,6.674125,protein_coding,2.3266337930296315,MM,True,False,True
ENSMUSG00000013663,10090.ENSMUSP00000013807,Pten,27.69606666666667,protein_coding,4.142778776324221,MM,True,False,True
ENSMUSG00000003778,10090.ENSMUSP00000003876,Brd8,48.33231466666667,protein_coding,4.909998097749132,MM,True,False,True
ENSMUSG00000022234,10090.ENSMUSP00000022842,Cct5,890.7576906666667,protein_coding,9.068389547813682,MM,True,False,True
ENSMUSG00000029330,10090.ENSMUSP00000031273,Cds1,90.436137,protein_coding,5.791830399043989,MM,True,False,True
ENSMUSG00000039512,10090.ENSMUSP00000110499,Uhrf1bp1,1.346056666666667,protein_coding,0.8555533688552841,MM,True,False,True
ENSMUSG00000025041,10090.ENSMUSP00000130898,Nt5c2,56.51935066666666,protein_coding,5.129084405997203,MM,True,False,True
ENSMUSG00000026421,10090.ENSMUSP00000027677,Csrp1,2.7599986666666667,protein_coding,1.4120342912724275,MM,True,False,False
ENSMUSG00000019952,10090.ENSMUSP00000020113,Poc1b,33.37436533333334,protein_coding,4.397648600748328,MM,True,False,True
ENSMUSG00000029636,10090.ENSMUSP00000016143,Wasf3,3.1927630000000002,protein_coding,1.5466409759031685,MM,True,False,True
ENSMUSG00000026918,10090.ENSMUSP00000028282,Brd3,107.15868866666666,protein_coding,6.031986375413134,MM,True,False,True
ENSMUSG00000023966,10090.ENSMUSP00000024762,Rsph9,265.631602,protein_coding,7.328728607448629,MM,True,False,True
ENSMUSG00000037572,10090.ENSMUSP00000107421,Wdhd1,8.525552666666668,protein_coding,2.615446745466141,MM,True,False,False
ENSMUSG00000008763,10090.ENSMUSP00000008907,Man1a2,32.042745000000004,protein_coding,4.341922716867231,MM,True,False,True
ENSMUSG00000027405,10090.ENSMUSP00000099487,Nop56,8.082925666666666,protein_coding,2.5491155591469816,MM,True,False,True
ENSMUSG00000003068,10090.ENSMUSP00000003152,Stk11,129.53461433333334,protein_coding,6.302518678197973,MM,True,False,True
ENSMUSG00000046442,10090.ENSMUSP00000061278,Ppm1e,1.918449,protein_coding,1.1076608673447568,MM,True,False,False
ENSMUSG00000002550,10090.ENSMUSP00000002625,Uck1,11.391719,protein_coding,2.9723333138673853,MM,True,False,False
ENSMUSG00000033055,10090.ENSMUSP00000047042,Ankrd54,509.91484566666674,protein_coding,8.264640937221051,MM,True,True,True
ENSMUSG00000039990,10090.ENSMUSP00000059166,Edrf1,6.1035286666666675,protein_coding,2.223453030536007,MM,True,False,False
ENSMUSG00000028062,10090.ENSMUSP00000029698,Lamtor2,52.41586566666667,protein_coding,5.023234871090638,MM,True,False,True
ENSMUSG00000036819,10090.ENSMUSP00000104407,Jmjd4,1.75255,protein_coding,1.0386323673497662,MM,True,False,True
ENSMUSG00000031770,10090.ENSMUSP00000124201,Herpud1,45.965375,protein_coding,4.840143791363656,MM,True,False,True
ENSMUSG00000000125,10090.ENSMUSP00000000127,Wnt3,1.9895446666666663,protein_coding,1.1346338617031864,MM,True,False,True
ENSMUSG00000006273,10090.ENSMUSP00000006435,Atp6v1b2,24.639637333333336,protein_coding,3.9838838096634297,MM,True,False,True
ENSMUSG00000040843,10090.ENSMUSP00000037514,Tiprl,123.946055,protein_coding,6.239493521731066,MM,True,True,True
ENSMUSG00000031529,10090.ENSMUSP00000033929,Tnks,39.05797066666667,protein_coding,4.6146304642614275,MM,True,False,False
ENSMUSG00000025935,10090.ENSMUSP00000027068,Tram1,142.452169,protein_coding,6.437893043889469,MM,True,False,True
ENSMUSG00000030451,10090.ENSMUSP00000075579,Herc2,13.013006000000004,protein_coding,3.1420699604122366,MM,True,False,True
ENSMUSG00000036086,10090.ENSMUSP00000083806,Zranb3,49.25129333333333,protein_coding,4.936833802473235,MM,True,False,True
ENSMUSG00000008333,10090.ENSMUSP00000008477,Snrpb2,68.475408,protein_coding,5.399059138164096,MM,True,False,True
ENSMUSG00000007721,10090.ENSMUSP00000007865,Ccdc124,45.06284633333333,protein_coding,4.811414719111614,MM,True,False,False
ENSMUSG00000063406,10090.ENSMUSP00000002837,Tmed5,23.48002266666667,protein_coding,3.9193216791426857,MM,True,False,True
ENSMUSG00000014551,10090.ENSMUSP00000114402,Mrps25,8.759558333333333,protein_coding,2.649968330150301,MM,True,False,True
ENSMUSG00000071553,10090.ENSMUSP00000093771,Cpa2,1.4738726666666666,protein_coding,0.9155588877157006,MM,True,False,False
ENSMUSG00000034160,10090.ENSMUSP00000045409,Ogt,2.4330206666666663,protein_coding,1.300629043137104,MM,True,False,True
ENSMUSG00000024158,10090.ENSMUSP00000113051,Hagh,388.474345,protein_coding,7.874104344563625,MM,True,True,True
ENSMUSG00000030612,10090.ENSMUSP00000032841,Mrpl46,48.78903833333333,protein_coding,4.923493059470355,MM,True,False,True
ENSMUSG00000047248,10090.ENSMUSP00000062637,C2cd3,12.354906333333336,protein_coding,3.076260697519091,MM,True,False,False
ENSMUSG00000048249,10090.ENSMUSP00000059102,Crebrf,28.61545033333333,protein_coding,4.187350014327202,MM,True,True,True
ENSMUSG00000026554,10090.ENSMUSP00000073778,Dcaf8,100.79986833333334,protein_coding,5.94535000254799,MM,True,False,False
ENSMUSG00000020368,10090.ENSMUSP00000020637,Canx,116.83566033333334,protein_coding,6.155738015540097,MM,True,False,True
ENSMUSG00000020925,10090.ENSMUSP00000090230,Ccdc43,10.85231,protein_coding,2.912227276655474,MM,True,False,True
ENSMUSG00000033845,10090.ENSMUSP00000115512,Mrpl15,9.210021000000001,protein_coding,2.709462028301656,MM,True,False,True
ENSMUSG00000033565,10090.ENSMUSP00000130739,Rbfox2,1.799699666666667,protein_coding,1.0585335474238171,MM,True,False,True
ENSMUSG00000020926,10090.ENSMUSP00000069466,Adam11,3.288448333333333,protein_coding,1.5736482376436607,MM,True,True,False
ENSMUSG00000021737,10090.ENSMUSP00000022256,Psmd6,165.788854,protein_coding,6.654438056661075,MM,True,False,True
ENSMUSG00000021140,10090.ENSMUSP00000021567,Pcnx,33.235129,protein_coding,4.391646367741861,MM,True,False,True
ENSMUSG00000021832,10090.ENSMUSP00000022380,Psmc6,61.9966,protein_coding,5.259444256714595,MM,True,False,True
ENSMUSG00000020495,10090.ENSMUSP00000020801,Smg8,8.792862999999999,protein_coding,2.6525659604643814,MM,True,True,True
ENSMUSG00000034116,10090.ENSMUSP00000005889,Vav1,28.421574000000003,protein_coding,4.1769816497265735,MM,True,False,False
ENSMUSG00000027091,10090.ENSMUSP00000080301,Zc3h15,186.84986366666664,protein_coding,6.82529451377459,MM,True,False,True
ENSMUSG00000005899,10090.ENSMUSP00000006053,Smpd4,47.51458866666667,protein_coding,4.886462191294428,MM,True,False,True
ENSMUSG00000055489,10090.ENSMUSP00000046884,Ano5,3.702138,protein_coding,1.6905443361453218,MM,True,True,False
ENSMUSG00000034145,10090.ENSMUSP00000119872,Tmem63c,1.647909,protein_coding,0.9931905445943825,MM,True,False,False
ENSMUSG00000033902,10090.ENSMUSP00000068516,Mapkbp1,41.14375666666667,protein_coding,4.6863778602075215,MM,True,True,True
ENSMUSG00000024588,10090.ENSMUSP00000025484,Fech,14.989503666666666,protein_coding,3.3252997697580384,MM,True,True,True
ENSMUSG00000073458,10090.ENSMUSP00000094432,Smok2a,1.0245619999999998,protein_coding,0.693466290338276,MM,True,False,False
ENSMUSG00000030523,10090.ENSMUSP00000082318,Trpm1,2.0005626666666667,protein_coding,1.1398281050200767,MM,True,True,False
ENSMUSG00000021715,10090.ENSMUSP00000022228,Cwc27,19.708205666666668,protein_coding,3.6842184994334497,MM,True,False,False
ENSMUSG00000022556,10090.ENSMUSP00000072617,Hsf1,15.841856333333334,protein_coding,3.395675906040163,MM,True,False,True
ENSMUSG00000020128,10090.ENSMUSP00000006221,Vps54,13.894956333333333,protein_coding,3.226696561139157,MM,True,False,True
ENSMUSG00000025420,10090.ENSMUSP00000026486,Katnal2,142.8075663333333,protein_coding,6.441232910626623,MM,True,False,True
ENSMUSG00000003119,10090.ENSMUSP00000103162,Cdk12,23.19592566666667,protein_coding,3.9027285138958234,MM,True,False,True
ENSMUSG00000019943,10090.ENSMUSP00000020107,Atp2b1,1.0792583333333334,protein_coding,0.7218596736965401,MM,True,False,True
ENSMUSG00000028799,10090.ENSMUSP00000101686,Zfp362,1.2382083333333336,protein_coding,0.8031032928142592,MM,True,False,True
ENSMUSG00000022558,10090.ENSMUSP00000094115,Mroh1,19.148302333333334,protein_coding,3.6447002464263734,MM,True,False,True
ENSMUSG00000018761,10090.ENSMUSP00000018905,Mpdu1,15.547447999999996,protein_coding,3.371550731457579,MM,True,False,True
ENSMUSG00000021959,10090.ENSMUSP00000022531,Lats2,9.223110666666663,protein_coding,2.7107267332133804,MM,True,False,True
ENSMUSG00000024991,10090.ENSMUSP00000025955,Eif3a,135.063161,protein_coding,6.362090169889142,MM,True,False,True
ENSMUSG00000030744,10090.ENSMUSP00000032998,Rps3,121.76577766666666,protein_coding,6.213946394249302,MM,True,False,True
ENSMUSG00000063884,10090.ENSMUSP00000080743,Ptcd3,52.51005166666667,protein_coding,5.026620183298003,MM,True,True,True
ENSMUSG00000027255,10090.ENSMUSP00000028691,Arfgap2,45.462724,protein_coding,4.825006704436897,MM,True,True,True
ENSMUSG00000020329,10090.ENSMUSP00000020580,Polrmt,12.954772666666665,protein_coding,3.1347990521442424,MM,True,False,True
ENSMUSG00000027981,10090.ENSMUSP00000089792,Rnpc3,33.387774,protein_coding,4.398426831339363,MM,True,False,False
ENSMUSG00000025762,10090.ENSMUSP00000096721,Larp1b,589.5283203333332,protein_coding,8.474401105769838,MM,True,True,False
ENSMUSG00000090553,10090.ENSMUSP00000128400,Snrpe,182.73546366666667,protein_coding,6.793659431598698,MM,True,False,True
ENSMUSG00000003531,10090.ENSMUSP00000123053,Dgcr6,91.16984033333334,protein_coding,5.801985898662314,MM,True,False,False
ENSMUSG00000015747,10090.ENSMUSP00000015891,Vps45,13.822937666666665,protein_coding,3.2195443597246234,MM,True,False,True
ENSMUSG00000022769,10090.ENSMUSP00000023453,Sdf2l1,77.47852066666667,protein_coding,5.57243597659109,MM,True,True,True
ENSMUSG00000010066,10090.ENSMUSP00000132512,Cacna2d2,1.259877666666667,protein_coding,0.8133033085792007,MM,True,False,False
ENSMUSG00000018677,10090.ENSMUSP00000018821,Slc25a39,374.7236736666666,protein_coding,7.822274301553435,MM,True,False,False
ENSMUSG00000026778,10090.ENSMUSP00000028118,Prkcq,21.839743,protein_coding,3.821687836423182,MM,True,False,False
ENSMUSG00000033543,10090.ENSMUSP00000113501,Gtf2a2,201.25598133333332,protein_coding,6.932067503913891,MM,True,False,True
ENSMUSG00000029173,10090.ENSMUSP00000031069,Sepsecs,10.847663333333335,protein_coding,2.911692348753221,MM,True,False,True
ENSMUSG00000003316,10090.ENSMUSP00000131355,Glg1,4.566388333333333,protein_coding,1.9058505827289454,MM,True,False,False
ENSMUSG00000028790,10090.ENSMUSP00000066516,Khdrbs1,65.650041,protein_coding,5.3394058931880135,MM,True,True,False
ENSMUSG00000029073,10090.ENSMUSP00000030950,Cptp,62.60097966666667,protein_coding,5.27244122629165,MM,True,False,True
ENSMUSG00000029686,10090.ENSMUSP00000031697,Cul1,152.12602233333334,protein_coding,6.531609393525029,MM,True,False,True
ENSMUSG00000042487,10090.ENSMUSP00000046905,Leo1,73.91697699999997,protein_coding,5.506646400570013,MM,True,False,True
ENSMUSG00000037894,10090.ENSMUSP00000036907,H2afz,785.0886026666667,protein_coding,8.886785853407515,MM,True,True,False
ENSMUSG00000029757,10090.ENSMUSP00000111221,Dync1i1,3.896017333333333,protein_coding,1.7415531320489104,MM,True,False,True
ENSMUSG00000020515,10090.ENSMUSP00000104471,Cnot8,18.69964133333333,protein_coding,3.614382717640621,MM,True,False,True
ENSMUSG00000041654,10090.ENSMUSP00000102244,Slc39a11,1.6404299999999998,protein_coding,0.9907726519326374,MM,True,False,True
ENSMUSG00000028851,10090.ENSMUSP00000030665,Nudc,150.60681133333338,protein_coding,6.5169579240582864,MM,True,False,True
ENSMUSG00000033721,10090.ENSMUSP00000036270,Vav3,2.454512333333333,protein_coding,1.3085928978565637,MM,True,False,False
ENSMUSG00000027130,10090.ENSMUSP00000028549,Slc12a6,20.482160666666672,protein_coding,3.736068896992297,MM,True,True,False
ENSMUSG00000058799,10090.ENSMUSP00000126850,Nap1l1,341.85644533333334,protein_coding,7.691312548953939,MM,True,False,False
ENSMUSG00000026987,10090.ENSMUSP00000108169,Baz2b,80.23719799999998,protein_coding,5.622594688156447,MM,True,False,False
ENSMUSG00000042167,10090.ENSMUSP00000048124,Tent2,9.150959333333333,protein_coding,2.702193486811308,MM,True,False,False
ENSMUSG00000047911,10090.ENSMUSP00000057365,Npm2,11.067518666666668,protein_coding,2.9374948690723195,MM,True,False,True
ENSMUSG00000029363,10090.ENSMUSP00000083652,Rfc5,5.802005666666666,protein_coding,2.1671654270895493,MM,True,False,True
ENSMUSG00000019710,10090.ENSMUSP00000113959,Mrpl24,318.722626,protein_coding,7.590100323642333,MM,True,False,True
ENSMUSG00000019790,10090.ENSMUSP00000123253,Stxbp5,9.044787666666666,protein_coding,2.6877504333429787,MM,True,False,False
ENSMUSG00000024799,10090.ENSMUSP00000025713,Tm7sf2,3.7526839999999995,protein_coding,1.7034381456167922,MM,True,True,False
ENSMUSG00000020290,10090.ENSMUSP00000099933,Xpo1,48.25040433333334,protein_coding,4.908599209119201,MM,True,False,True
ENSMUSG00000030516,10090.ENSMUSP00000099652,Tjp1,14.755855333333333,protein_coding,3.3042790919278597,MM,True,False,False
ENSMUSG00000044468,10090.ENSMUSP00000056872,Tent5c,52.91161333333333,protein_coding,5.036825274057917,MM,True,False,False
ENSMUSG00000044155,10090.ENSMUSP00000057238,Lsm8,42.31894033333333,protein_coding,4.726082143285701,MM,True,False,True
ENSMUSG00000004071,10090.ENSMUSP00000004173,Cdip1,29.59953433333333,protein_coding,4.232282511356213,MM,True,False,False
ENSMUSG00000024576,10090.ENSMUSP00000128871,Csnk1a1,642.9949543333332,protein_coding,8.599148057000495,MM,True,False,False
ENSMUSG00000014177,10090.ENSMUSP00000014321,Tvp23b,16.487185666666665,protein_coding,3.4486202236451833,MM,True,False,True
ENSMUSG00000030417,10090.ENSMUSP00000113761,Pdcd5,919.9558106666667,protein_coding,9.114981557867456,MM,True,True,True
ENSMUSG00000067995,10090.ENSMUSP00000086312,Gtf2f2,113.08473966666666,protein_coding,6.109103293465449,MM,True,False,True
ENSMUSG00000047104,10090.ENSMUSP00000098414,Pbp2,614.0635583333334,protein_coding,8.5331692188484,MM,True,False,False
ENSMUSG00000025135,10090.ENSMUSP00000097714,Anapc11,61.96640533333334,protein_coding,5.257482233978281,MM,True,False,True
ENSMUSG00000006906,10090.ENSMUSP00000070876,Stambp,59.12807333333333,protein_coding,5.192969195194913,MM,True,True,True
ENSMUSG00000013822,10090.ENSMUSP00000128173,Elof1,891.4520466666667,protein_coding,9.0684839650447,MM,True,False,False
ENSMUSG00000055805,10090.ENSMUSP00000046296,Fmnl1,13.971443666666667,protein_coding,3.2328256341102057,MM,True,False,False
ENSMUSG00000074673,10090.ENSMUSP00000099444,Ttll9,41.85566599999999,protein_coding,4.710135912495164,MM,True,False,True
ENSMUSG00000027820,10090.ENSMUSP00000029400,Mme,1.4710373333333333,protein_coding,0.9141001331151005,MM,True,False,False
ENSMUSG00000020262,10090.ENSMUSP00000095976,Adarb1,2.958625333333333,protein_coding,1.476005388468895,MM,True,False,True
ENSMUSG00000001143,10090.ENSMUSP00000117200,Lman2l,6.8716300000000015,protein_coding,2.358473815046286,MM,True,False,False
ENSMUSG00000021884,10090.ENSMUSP00000022437,Hacl1,18.055369666666664,protein_coding,3.5687137975364895,MM,True,False,True
ENSMUSG00000029036,10090.ENSMUSP00000030903,Atad3a,7.045051666666668,protein_coding,2.388575949461402,MM,True,False,False
ENSMUSG00000095567,10090.ENSMUSP00000137253,Noc2l,3.7093063333333327,protein_coding,1.6917250227835166,MM,True,False,True
ENSMUSG00000039230,10090.ENSMUSP00000099302,Tbcd,4.781032333333333,protein_coding,1.9544550415215942,MM,True,True,True
ENSMUSG00000059734,10090.ENSMUSP00000074600,Ndufs8,33.371869999999994,protein_coding,4.396577656547704,MM,True,False,True
ENSMUSG00000020064,10090.ENSMUSP00000020258,Herc4,70.45725999999998,protein_coding,5.439380640253443,MM,True,False,True
ENSMUSG00000024767,10090.ENSMUSP00000025679,Otub1,37.449110666666655,protein_coding,4.556564093400593,MM,True,False,True
ENSMUSG00000039367,10090.ENSMUSP00000045955,Sec24c,58.294075,protein_coding,5.1730838214192785,MM,True,False,False
ENSMUSG00000025154,10090.ENSMUSP00000026150,Arhgap19,51.764121,protein_coding,5.006232037272782,MM,True,False,True
ENSMUSG00000004937,10090.ENSMUSP00000005067,Sgta,155.90841666666668,protein_coding,6.565713085367637,MM,True,False,True
ENSMUSG00000034432,10090.ENSMUSP00000035884,Cops8,59.744232,protein_coding,5.20703556742824,MM,True,False,True
ENSMUSG00000024858,10090.ENSMUSP00000025791,Grk2,5.433414666666668,protein_coding,2.0930104411343513,MM,True,False,False
ENSMUSG00000019818,10090.ENSMUSP00000019962,Cd164,149.01678966666668,protein_coding,6.502027944996025,MM,True,False,False
ENSMUSG00000018999,10090.ENSMUSP00000019143,Slc35b4,15.714752,protein_coding,3.386093742358808,MM,True,False,True
ENSMUSG00000042198,10090.ENSMUSP00000041196,Chchd7,147.17161066666662,protein_coding,6.484021227125199,MM,True,True,False
ENSMUSG00000028945,10090.ENSMUSP00000030787,Rheb,18.215603,protein_coding,3.5799715704839072,MM,True,False,True
ENSMUSG00000029647,10090.ENSMUSP00000031651,Pan3,42.610046333333344,protein_coding,4.735429262000046,MM,True,False,True
ENSMUSG00000019210,10090.ENSMUSP00000019354,Atp6v1e1,75.743538,protein_coding,5.541991828362941,MM,True,False,True
ENSMUSG00000026782,10090.ENSMUSP00000058754,Abi2,3.1415113333333338,protein_coding,1.5307476376562306,MM,True,False,True
ENSMUSG00000025132,10090.ENSMUSP00000063714,Arhgdia,31.74332,protein_coding,4.327997711399687,MM,True,False,True
ENSMUSG00000022753,10090.ENSMUSP00000023434,Tmem30c,125.57121766666668,protein_coding,6.258269232944484,MM,True,False,True
ENSMUSG00000024750,10090.ENSMUSP00000025659,Zfand5,35.673525,protein_coding,4.490282461235286,MM,True,False,False
ENSMUSG00000029920,10090.ENSMUSP00000031984,Smarcad1,2.1390580000000003,protein_coding,1.193617006712642,MM,True,False,False
ENSMUSG00000034190,10090.ENSMUSP00000047700,Chmp7,18.356475,protein_coding,3.589903795435444,MM,True,False,False
ENSMUSG00000066979,10090.ENSMUSP00000081547,Bub3,57.394059666666664,protein_coding,5.15056805707122,MM,True,False,True
ENSMUSG00000029344,10090.ENSMUSP00000031287,Tpst2,1.8608776666666664,protein_coding,1.083236292306636,MM,True,False,False
ENSMUSG00000039782,10090.ENSMUSP00000130921,Cpeb2,61.79386633333333,protein_coding,5.254430412928696,MM,True,True,True
ENSMUSG00000040746,10090.ENSMUSP00000036472,Rnf167,110.33403799999998,protein_coding,6.073520861573714,MM,True,False,False
ENSMUSG00000025421,10090.ENSMUSP00000114212,Hdhd2,8.165433333333333,protein_coding,2.5638764511071686,MM,True,False,False
ENSMUSG00000006732,10090.ENSMUSP00000006915,Mettl1,3.964552,protein_coding,1.7589158619060383,MM,True,False,True
ENSMUSG00000020781,10090.ENSMUSP00000021134,Tsen54,1.9063463333333333,protein_coding,1.1014394155863134,MM,True,False,False
ENSMUSG00000029833,10090.ENSMUSP00000031859,Trim24,215.2260183333333,protein_coding,7.02779665714732,MM,True,False,False
ENSMUSG00000020534,10090.ENSMUSP00000018744,Shmt1,42.692071,protein_coding,4.73729867399856,MM,True,False,True
ENSMUSG00000056214,10090.ENSMUSP00000069182,Pard6g,3.3706626666666666,protein_coding,1.5979485677698462,MM,True,False,True
ENSMUSG00000034653,10090.ENSMUSP00000048340,Ythdc2,6.5719796666666666,protein_coding,2.308810518668775,MM,True,False,False
ENSMUSG00000018363,10090.ENSMUSP00000090177,Smurf2,39.526656,protein_coding,4.6313009365913285,MM,True,False,True
ENSMUSG00000015748,10090.ENSMUSP00000015892,Prpf3,36.95064533333333,protein_coding,4.5379665594209255,MM,True,False,True
ENSMUSG00000027668,10090.ENSMUSP00000088801,Mfn1,50.70762633333334,protein_coding,4.977801855682897,MM,True,False,True
ENSMUSG00000028573,10090.ENSMUSP00000078216,Fggy,1.4114496666666667,protein_coding,0.8872026428598208,MM,True,False,True
ENSMUSG00000005069,10090.ENSMUSP00000079398,Pex5,16.339073666666668,protein_coding,3.43632826035173,MM,True,False,True
ENSMUSG00000018340,10090.ENSMUSP00000104511,Anxa6,1.7169349999999999,protein_coding,1.0235163032998866,MM,True,False,False
ENSMUSG00000092305,10090.ENSMUSP00000133931,Prps1l1,307.9513346666667,protein_coding,7.540986256254309,MM,True,False,True
ENSMUSG00000039952,10090.ENSMUSP00000130626,Dag1,5.645356333333333,protein_coding,2.135610384366401,MM,True,False,True
ENSMUSG00000040040,10090.ENSMUSP00000113768,Ift88,68.05117533333333,protein_coding,5.390425221440001,MM,True,True,True
ENSMUSG00000028954,10090.ENSMUSP00000070265,Nub1,64.99181999999999,protein_coding,5.325188961289205,MM,True,False,False
ENSMUSG00000001376,10090.ENSMUSP00000001412,Vps50,10.195573333333334,protein_coding,2.8347539527035375,MM,True,False,True
ENSMUSG00000077450,10090.ENSMUSP00000110021,Rab11b,41.42006333333333,protein_coding,4.692692973355159,MM,True,True,True
ENSMUSG00000018189,10090.ENSMUSP00000140106,Uchl5,171.98860666666667,protein_coding,6.707343370493939,MM,True,False,True
ENSMUSG00000028397,10090.ENSMUSP00000030102,Kdm4c,2.1927356666666658,protein_coding,1.2138992629817649,MM,True,False,False
ENSMUSG00000020741,10090.ENSMUSP00000090593,Cluh,16.505424333333334,protein_coding,3.4492347669517507,MM,True,False,False
ENSMUSG00000003363,10090.ENSMUSP00000113820,Pld3,34.83144833333333,protein_coding,4.455751225388362,MM,True,False,True
ENSMUSG00000039533,10090.ENSMUSP00000039357,Mmd2,4.439024666666667,protein_coding,1.8760193130880551,MM,True,False,False
ENSMUSG00000005370,10090.ENSMUSP00000005503,Msh6,33.573878,protein_coding,4.405769359859417,MM,True,False,True
ENSMUSG00000021870,10090.ENSMUSP00000117816,Slmap,33.92580533333334,protein_coding,4.420515413805215,MM,True,True,True
ENSMUSG00000004127,10090.ENSMUSP00000042082,Trmt10a,292.5781556666667,protein_coding,7.467366320000402,MM,True,False,True
ENSMUSG00000030213,10090.ENSMUSP00000032335,Atf7ip,21.482779333333333,protein_coding,3.799715101094977,MM,True,False,True
ENSMUSG00000036333,10090.ENSMUSP00000063999,Kidins220,24.39704233333333,protein_coding,3.970996260641205,MM,True,False,False
ENSMUSG00000026181,10090.ENSMUSP00000027373,Ppm1f,1.135273,protein_coding,0.7509557391033361,MM,True,False,False
ENSMUSG00000027276,10090.ENSMUSP00000028735,Jag1,1.4831103333333333,protein_coding,0.9199685143354953,MM,True,False,True
ENSMUSG00000002804,10090.ENSMUSP00000002881,Nudt14,7.0868443333333335,protein_coding,2.394859546222442,MM,True,False,True
ENSMUSG00000019230,10090.ENSMUSP00000107657,Lhx9,1.4095746666666666,protein_coding,0.8856586980712589,MM,True,False,False
ENSMUSG00000034617,10090.ENSMUSP00000039810,Mtrr,4.804209666666666,protein_coding,1.9596948660764508,MM,True,False,False
ENSMUSG00000024277,10090.ENSMUSP00000025127,Mapre2,1.048691,protein_coding,0.7055491935802122,MM,True,False,False
ENSMUSG00000029156,10090.ENSMUSP00000079937,Sgcb,20.105527333333328,protein_coding,3.711059168977244,MM,True,False,True
ENSMUSG00000026617,10090.ENSMUSP00000027916,Bpnt1,19.805408666666672,protein_coding,3.6905578939096917,MM,True,True,True
ENSMUSG00000030662,10090.ENSMUSP00000032898,Ipo5,316.4228313333333,protein_coding,7.580091035530187,MM,True,False,True
ENSMUSG00000047619,10090.ENSMUSP00000053223,Ddi1,18.294682,protein_coding,3.5858584566753766,MM,True,False,False
ENSMUSG00000032485,10090.ENSMUSP00000095953,Scap,4.432512,protein_coding,1.8739693342571746,MM,True,False,True
ENSMUSG00000022751,10090.ENSMUSP00000023432,Nit2,1.9410426666666665,protein_coding,1.1150616614052211,MM,True,False,True
ENSMUSG00000024906,10090.ENSMUSP00000114895,Mus81,28.381118,protein_coding,4.174976134344732,MM,True,False,True
ENSMUSG00000058317,10090.ENSMUSP00000115738,Ube2e2,9.807771666666667,protein_coding,2.785538485638903,MM,True,False,True
ENSMUSG00000031827,10090.ENSMUSP00000034285,Cotl1,10.639551666666668,protein_coding,2.8867136890136846,MM,True,False,False
ENSMUSG00000003226,10090.ENSMUSP00000003310,Ranbp2,35.82178266666667,protein_coding,4.495403950991372,MM,True,False,True
ENSMUSG00000006442,10090.ENSMUSP00000006611,Srm,2.928168666666666,protein_coding,1.4647499825604566,MM,True,False,True
ENSMUSG00000019877,10090.ENSMUSP00000020027,Serinc1,9.52406,protein_coding,2.7510799655245366,MM,True,False,False
ENSMUSG00000037896,10090.ENSMUSP00000082034,Rcor1,8.293096333333333,protein_coding,2.5817103696542865,MM,True,False,True
ENSMUSG00000028382,10090.ENSMUSP00000099947,Ptbp3,9.829161333333333,protein_coding,2.7896550457745324,MM,True,False,False
ENSMUSG00000004929,10090.ENSMUSP00000005057,Thop1,145.9117533333333,protein_coding,6.471428599479839,MM,True,True,False
ENSMUSG00000030660,10090.ENSMUSP00000126092,Pik3c2a,6.763605999999999,protein_coding,2.3416495534755994,MM,True,False,True
ENSMUSG00000026880,10090.ENSMUSP00000028241,Stom,26.99855633333333,protein_coding,4.107834502384974,MM,True,True,True
ENSMUSG00000021713,10090.ENSMUSP00000022226,Ppwd1,21.006279666666668,protein_coding,3.769825539630263,MM,True,False,True
ENSMUSG00000027496,10090.ENSMUSP00000028997,Aurka,340.18367500000005,protein_coding,7.683802673730465,MM,True,False,False
ENSMUSG00000038302,10090.ENSMUSP00000036149,Afg1l,4.207322666666666,protein_coding,1.8193480031780533,MM,True,False,True
ENSMUSG00000013646,10090.ENSMUSP00000112077,Sh3bp5l,6.028799666666668,protein_coding,2.2086155794621236,MM,True,True,False
ENSMUSG00000037151,10090.ENSMUSP00000048042,Lrrc20,2.500089,protein_coding,1.3243242477927282,MM,True,False,False
ENSMUSG00000056185,10090.ENSMUSP00000070915,Snx32,5.195059333333334,protein_coding,2.0439751815047007,MM,True,True,False
ENSMUSG00000047989,10090.ENSMUSP00000114643,Ino80c,102.05918366666668,protein_coding,5.963444961511156,MM,True,True,False
ENSMUSG00000064068,10090.ENSMUSP00000073261,Mtx1,101.98909,protein_coding,5.961046335536001,MM,True,False,True
ENSMUSG00000029267,10090.ENSMUSP00000080278,Mtf2,79.58948233333334,protein_coding,5.611112778113473,MM,True,False,False
ENSMUSG00000022770,10090.ENSMUSP00000064280,Dlg1,8.680639666666666,protein_coding,2.6376421615105947,MM,True,False,True
ENSMUSG00000026659,10090.ENSMUSP00000027970,Dusp12,1.2287533333333334,protein_coding,0.7982900106134914,MM,True,False,True
ENSMUSG00000050697,10090.ENSMUSP00000063166,Prkaa1,22.947733666666664,protein_coding,3.8880980434290286,MM,True,False,True
ENSMUSG00000058407,10090.ENSMUSP00000125491,Txndc9,67.03509533333333,protein_coding,5.3680650558965315,MM,True,False,True
ENSMUSG00000058729,10090.ENSMUSP00000082959,Lin9,44.49992366666667,protein_coding,4.795562097829827,MM,True,False,True
ENSMUSG00000025509,10090.ENSMUSP00000127149,Pnpla2,93.047709,protein_coding,5.831916862416253,MM,True,True,True
ENSMUSG00000026723,10090.ENSMUSP00000114572,Trdmt1,2.768720333333333,protein_coding,1.4142232288543686,MM,True,False,True
ENSMUSG00000022570,10090.ENSMUSP00000023231,Tsta3,58.33451833333334,protein_coding,5.1729222507017285,MM,True,False,False
ENSMUSG00000027699,10090.ENSMUSP00000103935,Ect2,30.901649000000006,protein_coding,4.29214770738722,MM,True,True,True
ENSMUSG00000090202,10090.ENSMUSP00000051453,4930503B20Rik,58.992027,protein_coding,5.189483713207654,MM,True,False,False
ENSMUSG00000020167,10090.ENSMUSP00000100979,Tcf3,2.1713193333333334,protein_coding,1.2050573467209318,MM,True,False,True
ENSMUSG00000011752,10090.ENSMUSP00000011896,Pgam1,11.160448333333333,protein_coding,2.9469386730961316,MM,True,False,True
ENSMUSG00000025981,10090.ENSMUSP00000027125,Coq10b,9.700059333333334,protein_coding,2.7729974122328027,MM,True,False,False
ENSMUSG00000063904,10090.ENSMUSP00000025851,Dpp3,40.956755333333334,protein_coding,4.679695507116154,MM,True,False,False
ENSMUSG00000022201,10090.ENSMUSP00000118911,Zfr,61.65624233333333,protein_coding,5.251548470890848,MM,True,False,True
ENSMUSG00000047284,10090.ENSMUSP00000053235,Neurl4,35.00214733333333,protein_coding,4.463064621145309,MM,True,True,False
ENSMUSG00000071041,10090.ENSMUSP00000079888,Impdh2-ps,23.71422,processed_pseudogene,3.931843169046389,MM,True,False,True
ENSMUSG00000037601,10090.ENSMUSP00000117022,Nme1,17.257292666666668,protein_coding,3.508907907713566,MM,True,False,True
ENSMUSG00000063694,10090.ENSMUSP00000124523,Cycs,6.780214999999999,protein_coding,2.3442880477958847,MM,True,False,True
ENSMUSG00000034083,10090.ENSMUSP00000049280,Ccdc174,90.37535600000001,protein_coding,5.791116843160443,MM,True,False,True
ENSMUSG00000025812,10090.ENSMUSP00000125453,Pard3,1.0255436666666666,protein_coding,0.6931998209981005,MM,True,False,True
ENSMUSG00000030603,10090.ENSMUSP00000032824,Psmc4,103.87284833333332,protein_coding,5.988211859717485,MM,True,False,True
ENSMUSG00000087687,10090.ENSMUSP00000137626,Pet100,124.54601033333334,protein_coding,6.246195499566021,MM,True,False,True
ENSMUSG00000026670,10090.ENSMUSP00000106983,Uap1,16.149096,protein_coding,3.421037571848413,MM,True,False,True
ENSMUSG00000024309,10090.ENSMUSP00000025163,Pfdn6,104.43620566666664,protein_coding,5.995249854565741,MM,True,False,True
ENSMUSG00000018707,10090.ENSMUSP00000018851,Dync1h1,84.186104,protein_coding,5.690020215998607,MM,True,False,True
ENSMUSG00000063889,10090.ENSMUSP00000121233,Crem,192.83534233333333,protein_coding,6.870165449496763,MM,True,False,False
ENSMUSG00000061136,10090.ENSMUSP00000075655,Prpf40a,158.675064,protein_coding,6.592564325935722,MM,True,False,True
ENSMUSG00000089872,10090.ENSMUSP00000061769,Rps6kc1,2.667482666666667,protein_coding,1.3806276880065085,MM,True,False,True
ENSMUSG00000028949,10090.ENSMUSP00000030791,Smarcd3,2.041627333333333,protein_coding,1.154695317823525,MM,True,True,True
ENSMUSG00000031731,10090.ENSMUSP00000090844,Ap1g1,15.796794333333333,protein_coding,3.392682492929799,MM,True,False,True
ENSMUSG00000020611,10090.ENSMUSP00000020930,Gna13,19.872332,protein_coding,3.695071908104057,MM,True,False,True
ENSMUSG00000020477,10090.ENSMUSP00000119535,Mrps24,3.7260226666666663,protein_coding,1.6959351838793957,MM,True,False,False
ENSMUSG00000020817,10090.ENSMUSP00000075619,Rabep1,29.656590999999995,protein_coding,4.235380638708081,MM,True,True,True
ENSMUSG00000030591,10090.ENSMUSP00000051657,Psmd8,227.22975133333333,protein_coding,7.104596618566314,MM,True,False,True
ENSMUSG00000079641,10090.ENSMUSP00000110886,Rpl39,53.59428033333334,protein_coding,5.054956935461024,MM,True,False,True
ENSMUSG00000026355,10090.ENSMUSP00000027601,Mcm6,11.545945666666668,protein_coding,2.9900592041524234,MM,True,False,True
ENSMUSG00000000826,10090.ENSMUSP00000072175,Dnajc5,8.154616333333333,protein_coding,2.5618490211846985,MM,True,False,True
ENSMUSG00000030077,10090.ENSMUSP00000063933,Chl1,74.68982700000001,protein_coding,5.522356750160956,MM,True,False,False
ENSMUSG00000042043,10090.ENSMUSP00000038781,Tbca,713.8376056666666,protein_coding,8.749894960024603,MM,True,True,False
ENSMUSG00000040010,10090.ENSMUSP00000041557,Slc7a5,28.586454999999997,protein_coding,4.185205396420769,MM,True,True,False
ENSMUSG00000042492,10090.ENSMUSP00000113307,Tbc1d10b,1.9574576666666663,protein_coding,1.1220712220631626,MM,True,False,False
ENSMUSG00000078134,10090.ENSMUSP00000100538,Gm12355,21.874336,protein_coding,3.824059669383892,MM,True,False,True
ENSMUSG00000003039,10090.ENSMUSP00000003123,Fam32a,10.747694,protein_coding,2.900151987808656,MM,True,False,False
ENSMUSG00000075419,10090.ENSMUSP00000097792,Dolk,1.560359,protein_coding,0.9551309980298772,MM,True,False,True
ENSMUSG00000017639,10090.ENSMUSP00000017783,Rab11fip4,3.2744386666666667,protein_coding,1.5698452411377555,MM,True,False,True
ENSMUSG00000002608,10090.ENSMUSP00000002683,Ccdc97,52.62439733333333,protein_coding,5.028763119170345,MM,True,True,True
ENSMUSG00000020109,10090.ENSMUSP00000122056,Dnajb12,19.788723666666666,protein_coding,3.689637203650341,MM,True,False,False
ENSMUSG00000034453,10090.ENSMUSP00000076418,Polr3b,7.050388333333332,protein_coding,2.389833483793661,MM,True,False,True
ENSMUSG00000063457,10090.ENSMUSP00000069004,Rps15,214.273539,protein_coding,7.020345787613501,MM,True,False,True
ENSMUSG00000032637,10090.ENSMUSP00000035415,Atxn2l,367.047709,protein_coding,7.793011026562492,MM,True,False,True
ENSMUSG00000026926,10090.ENSMUSP00000075762,Pmpca,58.15642433333333,protein_coding,5.169092981087622,MM,True,False,True
ENSMUSG00000024150,10090.ENSMUSP00000121820,Mcfd2,53.75685266666667,protein_coding,5.059373348689325,MM,True,False,True
ENSMUSG00000003234,10090.ENSMUSP00000003319,Abcf3,78.43315133333334,protein_coding,5.58992501225632,MM,True,True,False
ENSMUSG00000027162,10090.ENSMUSP00000028583,Lin7c,25.053810000000002,protein_coding,4.006521757449725,MM,True,False,True
ENSMUSG00000058569,10090.ENSMUSP00000105531,Tmed9,22.984057000000004,protein_coding,3.889736163108431,MM,True,False,True
ENSMUSG00000025404,10090.ENSMUSP00000128659,R3hdm2,30.44763233333333,protein_coding,4.271691873789809,MM,True,True,False
ENSMUSG00000039275,10090.ENSMUSP00000101719,Foxk2,31.498217666666665,protein_coding,4.318009780978776,MM,True,False,True
ENSMUSG00000036860,10090.ENSMUSP00000104413,Mrpl55,60.50402066666666,protein_coding,5.225052114084947,MM,True,False,True
ENSMUSG00000037815,10090.ENSMUSP00000049007,Ctnna1,7.864078666666668,protein_coding,2.518707765285641,MM,True,False,True
ENSMUSG00000022897,10090.ENSMUSP00000113660,Dyrk1a,10.667634666666666,protein_coding,2.890861638870508,MM,True,False,True
ENSMUSG00000023932,10090.ENSMUSP00000024727,Cdc5l,70.86521900000002,protein_coding,5.44748955977819,MM,True,False,True
ENSMUSG00000039630,10090.ENSMUSP00000047571,Hnrnpu,207.613668,protein_coding,6.975881167280284,MM,True,False,True
ENSMUSG00000005034,10090.ENSMUSP00000005164,Prkacb,2.184715,protein_coding,1.2104293890178384,MM,True,False,True
ENSMUSG00000042404,10090.ENSMUSP00000096514,Dennd4b,4.7961133333333335,protein_coding,1.957433991592334,MM,True,False,True
ENSMUSG00000024590,10090.ENSMUSP00000025486,Lmnb1,13.128827,protein_coding,3.1535568145065707,MM,True,False,True
ENSMUSG00000021103,10090.ENSMUSP00000021523,Mnat1,46.66207166666667,protein_coding,4.861662528851971,MM,True,False,True
ENSMUSG00000078656,10090.ENSMUSP00000042088,Vps25,56.63913366666667,protein_coding,5.1325133018226925,MM,True,False,True
ENSMUSG00000029501,10090.ENSMUSP00000031474,Ankle2,46.81844966666667,protein_coding,4.866097788010139,MM,True,True,True
ENSMUSG00000025260,10090.ENSMUSP00000026289,Hsd17b10,8.705323666666667,protein_coding,2.6405974073186576,MM,True,False,True
ENSMUSG00000055720,10090.ENSMUSP00000126019,Ubl7,412.7021483333333,protein_coding,7.961475837281093,MM,True,False,True
ENSMUSG00000020883,10090.ENSMUSP00000099432,Fbxl20,4.201747666666666,protein_coding,1.81891544254677,MM,True,False,True
ENSMUSG00000008668,10090.ENSMUSP00000008812,Rps18,404.818451,protein_coding,7.933203628267821,MM,True,False,True
ENSMUSG00000002395,10090.ENSMUSP00000019169,Use1,229.132258,protein_coding,7.1166931499544,MM,True,False,True
ENSMUSG00000015994,10090.ENSMUSP00000016138,Fnta,156.84940100000003,protein_coding,6.57510105984278,MM,True,False,True
ENSMUSG00000042298,10090.ENSMUSP00000054367,Ttc19,5.271593333333334,protein_coding,2.0608608757944804,MM,True,False,True
ENSMUSG00000047388,10090.ENSMUSP00000104727,Atmin,18.704288666666667,protein_coding,3.614698538052627,MM,True,False,True
ENSMUSG00000031570,10090.ENSMUSP00000067035,Plpp5,2.50165,protein_coding,1.3258526533535562,MM,True,False,True
ENSMUSG00000028795,10090.ENSMUSP00000030586,Ccdc28b,5.240925666666667,protein_coding,2.053424523723679,MM,True,False,False
ENSMUSG00000047215,10090.ENSMUSP00000109399,Rpl9,184.92863966666664,protein_coding,6.810007796039581,MM,True,False,True
ENSMUSG00000021814,10090.ENSMUSP00000098405,Anxa7,28.183143666666666,protein_coding,4.166346155601674,MM,True,False,True
ENSMUSG00000057177,10090.ENSMUSP00000071654,Gsk3a,48.720394,protein_coding,4.921216367790974,MM,True,False,False
ENSMUSG00000010025,10090.ENSMUSP00000073764,Aldh3a2,14.442653333333332,protein_coding,3.2758874487514884,MM,True,False,True
ENSMUSG00000012117,10090.ENSMUSP00000012262,Dhdds,18.58698533333333,protein_coding,3.6068439473676084,MM,True,False,True
ENSMUSG00000022312,10090.ENSMUSP00000022925,Eif3h,241.25078833333336,protein_coding,7.190868932434161,MM,True,False,True
ENSMUSG00000031730,10090.ENSMUSP00000070303,Dhodh,2.652263666666667,protein_coding,1.3740020794219774,MM,True,True,True
ENSMUSG00000037470,10090.ENSMUSP00000037930,Uggt1,3.7956563333333335,protein_coding,1.7151153791044527,MM,True,False,False
ENSMUSG00000049482,10090.ENSMUSP00000112113,Ctu2,17.245439,protein_coding,3.5072723429079193,MM,True,False,False
ENSMUSG00000020865,10090.ENSMUSP00000021231,Abcc3,35.97684233333333,protein_coding,4.500433048083585,MM,True,False,False
ENSMUSG00000020486,10090.ENSMUSP00000018544,Sept4,25.930442000000003,protein_coding,4.053042212908706,MM,True,False,True
ENSMUSG00000046717,10090.ENSMUSP00000050818,Igbp1b,52.32926033333334,protein_coding,5.021399417520219,MM,True,False,True
ENSMUSG00000001150,10090.ENSMUSP00000125960,Mcm3ap,12.154692333333333,protein_coding,3.0548951771983703,MM,True,False,True
ENSMUSG00000029547,10090.ENSMUSP00000072406,Ints1,11.697721,protein_coding,3.0056968206044687,MM,True,False,True
ENSMUSG00000028894,10090.ENSMUSP00000092375,Inpp5b,3.534287333333334,protein_coding,1.6444983731308245,MM,True,False,False
ENSMUSG00000027222,10090.ENSMUSP00000028650,Pex16,30.56266466666667,protein_coding,4.275776254918091,MM,True,False,False
ENSMUSG00000020514,10090.ENSMUSP00000020820,Mrpl22,48.79181933333333,protein_coding,4.923444742589894,MM,True,False,True
ENSMUSG00000021009,10090.ENSMUSP00000082197,Ptpn21,3.6203343333333335,protein_coding,1.6674374135684853,MM,True,False,False
ENSMUSG00000016554,10090.ENSMUSP00000098053,Eif3d,150.30728133333332,protein_coding,6.513946411130723,MM,True,False,True
ENSMUSG00000041346,10090.ENSMUSP00000047825,Wrap53,5.743129666666667,protein_coding,2.1547903550447565,MM,True,False,False
ENSMUSG00000020608,10090.ENSMUSP00000020931,Smc6,256.733383,protein_coding,7.280548587264281,MM,True,False,True
ENSMUSG00000032290,10090.ENSMUSP00000034832,Ptpn9,10.765395333333332,protein_coding,2.9025073841107103,MM,True,False,True
ENSMUSG00000070426,10090.ENSMUSP00000094396,Rnf121,17.313795000000002,protein_coding,3.5129408501882624,MM,True,False,False
ENSMUSG00000001525,10090.ENSMUSP00000001566,Tubb5,4.398141000000001,protein_coding,1.8659925636070978,MM,True,False,True
ENSMUSG00000026427,10090.ENSMUSP00000063894,Eif2d,16.421754333333336,protein_coding,3.4433320536042284,MM,True,False,True
ENSMUSG00000028973,10090.ENSMUSP00000110729,Abcb8,21.063114000000002,protein_coding,3.7723273670257584,MM,True,True,True
ENSMUSG00000022160,10090.ENSMUSP00000022767,Mettl3,6.500996333333332,protein_coding,2.295747607932369,MM,True,False,True
ENSMUSG00000030269,10090.ENSMUSP00000108771,Mtmr14,17.33632866666667,protein_coding,3.5139332136953825,MM,True,False,True
ENSMUSG00000028677,10090.ENSMUSP00000030439,Rnf220,81.991834,protein_coding,5.652160785762699,MM,True,False,True
ENSMUSG00000026853,10090.ENSMUSP00000028207,Crat,323.29727166666663,protein_coding,7.610479660622128,MM,True,False,True
ENSMUSG00000028709,10090.ENSMUSP00000030477,Mob3c,1.423247,protein_coding,0.8917242852322518,MM,True,False,False
ENSMUSG00000071359,10090.ENSMUSP00000114223,Tbpl1,526.6767169999998,protein_coding,8.312018761111352,MM,True,False,False
ENSMUSG00000006205,10090.ENSMUSP00000006367,Htra1,6.944557333333332,protein_coding,2.372400444756871,MM,True,True,False
ENSMUSG00000035772,10090.ENSMUSP00000036725,Mrps2,6.092598000000001,protein_coding,2.221441887487192,MM,True,False,True
ENSMUSG00000019188,10090.ENSMUSP00000086460,H13,40.01029066666667,protein_coding,4.647243006289168,MM,True,False,True
ENSMUSG00000007880,10090.ENSMUSP00000122354,Arid1a,11.973775333333334,protein_coding,3.0358487415110234,MM,True,False,True
ENSMUSG00000060376,10090.ENSMUSP00000071292,Bckdha,24.58786566666667,protein_coding,3.9802742914502836,MM,True,False,True
ENSMUSG00000025980,10090.ENSMUSP00000027123,Hspd1,19.937785333333334,protein_coding,3.699912483240832,MM,True,False,True
ENSMUSG00000002280,10090.ENSMUSP00000002350,Narfl,22.105327,protein_coding,3.8371122591296287,MM,True,True,True
ENSMUSG00000020929,10090.ENSMUSP00000021306,Eftud2,108.66415933333332,protein_coding,6.052018856372096,MM,True,False,True
ENSMUSG00000069189,10090.ENSMUSP00000089075,Zdhhc11,6.754333666666668,protein_coding,2.340571478698825,MM,True,False,True
ENSMUSG00000041846,10090.ENSMUSP00000129654,Ppp4r3a,39.542689,protein_coding,4.631992273685166,MM,True,False,False
ENSMUSG00000034744,10090.ENSMUSP00000042026,Nagk,68.38644266666667,protein_coding,5.39667689415362,MM,True,False,True
ENSMUSG00000022995,10090.ENSMUSP00000077781,Enah,39.60364533333333,protein_coding,4.632118159655393,MM,True,False,True
ENSMUSG00000056536,10090.ENSMUSP00000139638,Pign,6.072679333333332,protein_coding,2.218376453917665,MM,True,False,True
ENSMUSG00000039000,10090.ENSMUSP00000045998,Ube3c,46.83726866666667,protein_coding,4.866715556531463,MM,True,True,True
ENSMUSG00000020571,10090.ENSMUSP00000052912,Pdia6,239.37770066666667,protein_coding,7.179756199354561,MM,True,False,True
ENSMUSG00000022322,10090.ENSMUSP00000022945,Shcbp1,27.44736933333333,protein_coding,4.130518588812566,MM,True,False,False
ENSMUSG00000021666,10090.ENSMUSP00000125656,Gfm2,16.554142333333335,protein_coding,3.4539387153364496,MM,True,False,True
ENSMUSG00000024639,10090.ENSMUSP00000025541,Gnaq,2.0630373333333334,protein_coding,1.1642074538634581,MM,True,False,True
ENSMUSG00000095687,10090.ENSMUSP00000095031,Rnaset2a,6.334416666666668,protein_coding,2.265655524196967,MM,True,False,False
ENSMUSG00000039201,10090.ENSMUSP00000047838,Tbc1d25,1.1242379999999998,protein_coding,0.7448611710991,MM,True,False,False
ENSMUSG00000023827,10090.ENSMUSP00000024594,Agpat4,1.1639956666666669,protein_coding,0.7657220016839374,MM,True,False,True
ENSMUSG00000032221,10090.ENSMUSP00000034746,Mns1,491.2521263333333,protein_coding,8.21201163442829,MM,True,False,True
ENSMUSG00000056076,10090.ENSMUSP00000098076,Eif3b,365.0059813333333,protein_coding,7.784832107259526,MM,True,False,True
ENSMUSG00000038290,10090.ENSMUSP00000043555,Smg6,35.89140066666667,protein_coding,4.497589054952395,MM,True,False,True
ENSMUSG00000019214,10090.ENSMUSP00000043896,Chtf18,10.140948,protein_coding,2.8268711403544784,MM,True,False,False
ENSMUSG00000016308,10090.ENSMUSP00000016452,Ube2a,12.559494666666666,protein_coding,3.097092164661573,MM,True,False,True
ENSMUSG00000043192,10090.ENSMUSP00000127885,Gm1840,2.258881333333333,processed_pseudogene,1.2382259741943433,MM,True,False,True
ENSMUSG00000034206,10090.ENSMUSP00000059757,Polq,7.709260333333334,protein_coding,2.4949154532602185,MM,True,True,False
ENSMUSG00000007777,10090.ENSMUSP00000007921,0610009B22Rik,59.03561766666667,protein_coding,5.190277678412009,MM,True,False,True
ENSMUSG00000031986,10090.ENSMUSP00000034467,Sprtn,332.72909566666664,protein_coding,7.652152872555436,MM,True,True,True
ENSMUSG00000053128,10090.ENSMUSP00000110478,Rnf26,5.9789043333333325,protein_coding,2.1994185652177496,MM,True,False,False
ENSMUSG00000036180,10090.ENSMUSP00000070229,Gatad2a,12.953436000000002,protein_coding,3.1350952744011136,MM,True,False,True
ENSMUSG00000026219,10090.ENSMUSP00000027421,Trip12,547.7128193333333,protein_coding,8.368722388349237,MM,True,False,True
ENSMUSG00000028454,10090.ENSMUSP00000095713,Pigo,19.289484,protein_coding,3.655019207081496,MM,True,False,True
ENSMUSG00000030970,10090.ENSMUSP00000130294,Ctbp2,28.863419666666665,protein_coding,4.1989658597959885,MM,True,False,True
ENSMUSG00000038150,10090.ENSMUSP00000053056,Ormdl3,6.868039666666665,protein_coding,2.3590089771274223,MM,True,False,True
ENSMUSG00000002881,10090.ENSMUSP00000066696,Nab1,3.4630426666666665,protein_coding,1.6246368426636677,MM,True,True,True
ENSMUSG00000038770,10090.ENSMUSP00000106301,Kpna7,3.098587333333333,protein_coding,1.517507681758946,MM,True,False,True
ENSMUSG00000101337,10090.ENSMUSP00000140430,Dnah7c,32.69516633333333,protein_coding,4.369503405562229,MM,True,False,False
ENSMUSG00000064294,10090.ENSMUSP00000049391,Aox3,3.987766333333333,protein_coding,1.7648389732988028,MM,True,False,False
ENSMUSG00000021193,10090.ENSMUSP00000021611,Pitrm1,6.132663666666666,protein_coding,2.229603098131062,MM,True,False,True
ENSMUSG00000062646,10090.ENSMUSP00000116898,Ganc,6.547994,protein_coding,2.3042215976379077,MM,True,False,True
ENSMUSG00000020362,10090.ENSMUSP00000121239,Cnot6,31.02568166666667,protein_coding,4.297432652774148,MM,True,False,True
ENSMUSG00000073640,10090.ENSMUSP00000095287,Rpl27-ps3,36.89270533333333,processed_pseudogene,4.535029986120499,MM,True,False,True
ENSMUSG00000030774,10090.ENSMUSP00000033040,Pak1,5.3633836666666665,protein_coding,2.0794676598328494,MM,True,False,True
ENSMUSG00000038121,10090.ENSMUSP00000045927,Fam210a,1.5684966666666669,protein_coding,0.9591271658276452,MM,True,False,True
ENSMUSG00000079562,10090.ENSMUSP00000110093,Maea,81.820539,protein_coding,5.6499709351750536,MM,True,False,True
ENSMUSG00000024085,10090.ENSMUSP00000083928,Man2a1,4.390816666666667,protein_coding,1.864737260335056,MM,True,False,True
ENSMUSG00000022241,10090.ENSMUSP00000022849,Tars,11.429796333333336,protein_coding,2.9778421138821423,MM,True,False,True
ENSMUSG00000008892,10090.ENSMUSP00000136273,Vdac3,304.0210266666666,protein_coding,7.522780135466683,MM,True,True,False
ENSMUSG00000025512,10090.ENSMUSP00000130360,Chid1,17.12456966666667,protein_coding,3.498219715192376,MM,True,False,True
ENSMUSG00000032777,10090.ENSMUSP00000056719,Gtf3c1,52.76202866666666,protein_coding,5.032771798989682,MM,True,True,True
ENSMUSG00000017707,10090.ENSMUSP00000017851,Serinc3,156.26605200000003,protein_coding,6.570042372097568,MM,True,False,False
ENSMUSG00000022999,10090.ENSMUSP00000023736,Lmbr1l,70.89489766666667,protein_coding,5.447449235741193,MM,True,False,False
ENSMUSG00000030042,10090.ENSMUSP00000093462,Pole4,42.647005666666665,protein_coding,4.736758083628991,MM,True,False,True
ENSMUSG00000027236,10090.ENSMUSP00000028668,Eif3j1,17.221833333333333,protein_coding,3.5063634111774395,MM,True,False,False
ENSMUSG00000057672,10090.ENSMUSP00000005616,Pkn1,1.5736776666666668,protein_coding,0.960693580044233,MM,True,False,True
ENSMUSG00000019978,10090.ENSMUSP00000055122,Epb41l2,35.291855,protein_coding,4.474384685942495,MM,True,False,True
ENSMUSG00000030846,10090.ENSMUSP00000101833,Tial1,143.81974266666668,protein_coding,6.451714280075333,MM,True,False,False
ENSMUSG00000036752,10090.ENSMUSP00000042342,Tubb4b,650.3935343333333,protein_coding,8.615069956452706,MM,True,True,True
ENSMUSG00000053436,10090.ENSMUSP00000004990,Mapk14,2.5473280000000003,protein_coding,1.340876314158592,MM,True,False,True
ENSMUSG00000026718,10090.ENSMUSP00000100025,Stam,9.698441666666668,protein_coding,2.7701695889871942,MM,True,False,True
ENSMUSG00000030751,10090.ENSMUSP00000033008,Psma1,57.10171500000001,protein_coding,5.1436550018275025,MM,True,False,True
ENSMUSG00000028960,10090.ENSMUSP00000099501,Ube4b,16.996323999999998,protein_coding,3.4881299046909,MM,True,False,True
ENSMUSG00000037563,10090.ENSMUSP00000103940,Rps16,54.00115866666667,protein_coding,5.0642957608871155,MM,True,False,True
ENSMUSG00000061126,10090.ENSMUSP00000003413,Cyp4f39,8.739236,protein_coding,2.646498171492489,MM,True,False,False
ENSMUSG00000003345,10090.ENSMUSP00000078706,Csnk1g2,66.64734499999999,protein_coding,5.359866880109425,MM,True,False,False
ENSMUSG00000078201,10090.ENSMUSP00000100614,Tmem203,13.580768666666666,protein_coding,3.195913330440835,MM,True,False,True
ENSMUSG00000030704,10090.ENSMUSP00000032946,Rab6a,35.69676466666667,protein_coding,4.490434753777204,MM,True,False,True
ENSMUSG00000039886,10090.ENSMUSP00000045252,Tmem120a,177.89304099999998,protein_coding,6.754569588878139,MM,True,False,True
ENSMUSG00000026094,10090.ENSMUSP00000027263,Stk17b,17.15630966666667,protein_coding,3.50108355503918,MM,True,True,False
ENSMUSG00000028035,10090.ENSMUSP00000114356,Dnajb4,127.40612033333332,protein_coding,6.278916694939646,MM,True,False,True
ENSMUSG00000029048,10090.ENSMUSP00000030914,Rer1,44.03517666666667,protein_coding,4.780660912681003,MM,True,False,True
ENSMUSG00000032244,10090.ENSMUSP00000034775,Fem1b,65.41960933333333,protein_coding,5.33466083657122,MM,True,False,True
ENSMUSG00000026761,10090.ENSMUSP00000028098,Orc4,12.445824000000002,protein_coding,3.0845568746445986,MM,True,False,True
ENSMUSG00000029455,10090.ENSMUSP00000031411,Aldh2,39.89805866666666,protein_coding,4.643047650071746,MM,True,False,True
ENSMUSG00000025486,10090.ENSMUSP00000026559,Sirt3,51.59525666666667,protein_coding,5.000867655357895,MM,True,True,False
ENSMUSG00000036352,10090.ENSMUSP00000040220,Ubac1,95.76112633333334,protein_coding,5.872844721004351,MM,True,False,True
ENSMUSG00000039156,10090.ENSMUSP00000113174,Stim2,2.254573666666667,protein_coding,1.2366626193241925,MM,True,False,True
ENSMUSG00000046324,10090.ENSMUSP00000124881,Ermp1,11.089103,protein_coding,2.9396600108098934,MM,True,False,False
ENSMUSG00000073650,10090.ENSMUSP00000095303,Catip,59.383301,protein_coding,5.198977629526912,MM,True,True,True
ENSMUSG00000030849,10090.ENSMUSP00000112430,Fgfr2,1.3668683333333334,protein_coding,0.8657227477473017,MM,True,False,True
ENSMUSG00000019297,10090.ENSMUSP00000019441,Nop9,159.94406133333334,protein_coding,6.602519384446627,MM,True,False,True
ENSMUSG00000020211,10090.ENSMUSP00000117160,Sf3a2,53.395419999999994,protein_coding,5.04869330674863,MM,True,False,True
ENSMUSG00000021598,10090.ENSMUSP00000022089,Med10,148.63996633333332,protein_coding,6.497542613448168,MM,True,True,True
ENSMUSG00000026018,10090.ENSMUSP00000027172,Ica1l,131.1578343333333,protein_coding,6.320351046834136,MM,True,True,True
ENSMUSG00000060992,10090.ENSMUSP00000097738,Copz1,64.40703333333333,protein_coding,5.312437169263864,MM,True,False,True
ENSMUSG00000026254,10090.ENSMUSP00000108859,Eif4e2,197.35474166666665,protein_coding,6.90279692880445,MM,True,False,True
ENSMUSG00000030655,10090.ENSMUSP00000032891,Smg1,23.33681,protein_coding,3.9108096867162536,MM,True,False,True
ENSMUSG00000061878,10090.ENSMUSP00000131010,Sphk1,4.516141333333334,protein_coding,1.8930147311922203,MM,True,False,True
ENSMUSG00000039737,10090.ENSMUSP00000120659,Prkrip1,60.18339266666667,protein_coding,5.214697999513262,MM,True,False,False
ENSMUSG00000038696,10090.ENSMUSP00000116494,Mapkap1,98.50789366666667,protein_coding,5.913014380344411,MM,True,False,True
ENSMUSG00000024055,10090.ENSMUSP00000074733,Cyp4f13,1.3332119999999998,protein_coding,0.849183168970481,MM,True,False,False
ENSMUSG00000029017,10090.ENSMUSP00000030882,Pmpcb,331.830668,protein_coding,7.648275211509226,MM,True,False,True
ENSMUSG00000020267,10090.ENSMUSP00000020504,Hint1,248.32184366666667,protein_coding,7.231854227292917,MM,True,False,False
ENSMUSG00000002210,10090.ENSMUSP00000002280,Smg9,127.89919533333334,protein_coding,6.28314563977059,MM,True,False,True
ENSMUSG00000007867,10090.ENSMUSP00000061891,Ift43,484.27703866666667,protein_coding,8.191300033589181,MM,True,True,True
ENSMUSG00000039725,10090.ENSMUSP00000045141,Trp53rka,4.384302666666667,protein_coding,1.8633985277987155,MM,True,False,False
ENSMUSG00000028693,10090.ENSMUSP00000030456,Nasp,3460.8481446666665,protein_coding,11.024676987373573,MM,True,False,True
ENSMUSG00000001767,10090.ENSMUSP00000001818,Crnkl1,46.715579,protein_coding,4.86332398516085,MM,True,False,True
ENSMUSG00000052459,10090.ENSMUSP00000110314,Atp6v1a,56.35414633333333,protein_coding,5.125247022695921,MM,True,False,True
ENSMUSG00000068856,10090.ENSMUSP00000075709,Sf3b4,40.063248,protein_coding,4.649022222763035,MM,True,False,True
ENSMUSG00000027012,10090.ENSMUSP00000080410,Dync1i2,307.21756966666663,protein_coding,7.537961285856975,MM,True,False,True
ENSMUSG00000022551,10090.ENSMUSP00000023210,Cyc1,11.067185666666665,protein_coding,2.936069322675722,MM,True,False,True
ENSMUSG00000044098,10090.ENSMUSP00000140185,Rsbn1,24.65070033333333,protein_coding,3.984627019734867,MM,True,False,True
ENSMUSG00000052949,10090.ENSMUSP00000097776,Rnf157,2.6857206666666666,protein_coding,1.3867226717997165,MM,True,False,False
ENSMUSG00000020973,10090.ENSMUSP00000021356,Dnaaf2,60.33642333333333,protein_coding,5.220941242197805,MM,True,False,True
ENSMUSG00000020186,10090.ENSMUSP00000020403,Csrp2,53.672948,protein_coding,5.0557359272917015,MM,True,False,False
ENSMUSG00000032101,10090.ENSMUSP00000034612,Ddx25,190.78028866666668,protein_coding,6.855156257887036,MM,True,True,False
ENSMUSG00000026283,10090.ENSMUSP00000027505,Ing5,13.918379000000002,protein_coding,3.2290223718330395,MM,True,False,True
ENSMUSG00000022466,10090.ENSMUSP00000023104,Rpap3,22.26063333333333,protein_coding,3.847150477587283,MM,True,True,True
ENSMUSG00000079065,10090.ENSMUSP00000130629,BC005561,3.9286269999999996,protein_coding,1.7501498292304998,MM,True,False,True
ENSMUSG00000057738,10090.ENSMUSP00000097797,Sptan1,111.27719133333332,protein_coding,6.085846966865457,MM,True,False,True
ENSMUSG00000026171,10090.ENSMUSP00000027357,Rnf25,43.85788733333334,protein_coding,4.774589926120548,MM,True,False,False
ENSMUSG00000039244,10090.ENSMUSP00000041800,E130309D02Rik,15.250609,protein_coding,3.3456611669151903,MM,True,False,True
ENSMUSG00000032078,10090.ENSMUSP00000117725,Zpr1,77.825386,protein_coding,5.579243417543888,MM,True,False,False
ENSMUSG00000001674,10090.ENSMUSP00000001724,Ddx18,55.75598500000001,protein_coding,5.110154046322633,MM,True,False,False
ENSMUSG00000001056,10090.ENSMUSP00000120014,Nhp2,12.971870333333333,protein_coding,3.137360066826728,MM,True,False,True
ENSMUSG00000074657,10090.ENSMUSP00000096775,Kif5a,1.6106146666666667,protein_coding,0.9770283077576113,MM,True,False,True
ENSMUSG00000000915,10090.ENSMUSP00000000939,Hip1r,11.851147000000001,protein_coding,3.0221215128640564,MM,True,False,True
ENSMUSG00000070291,10090.ENSMUSP00000108994,Ddx43,42.527235666666655,protein_coding,4.732811419940763,MM,True,True,False
ENSMUSG00000061436,10090.ENSMUSP00000124133,Hipk2,1.6238813333333333,protein_coding,0.9817985968679046,MM,True,False,False
ENSMUSG00000027575,10090.ENSMUSP00000029092,Arfgap1,20.703307666666667,protein_coding,3.7492947282284073,MM,True,False,True
ENSMUSG00000025894,10090.ENSMUSP00000053971,Aasdhppt,24.124427666666676,protein_coding,3.9554845116339585,MM,True,False,True
ENSMUSG00000018661,10090.ENSMUSP00000018805,Cog1,31.23192733333333,protein_coding,4.306070441295883,MM,True,False,True
ENSMUSG00000032058,10090.ENSMUSP00000034560,Ppp2r1b,93.649582,protein_coding,5.840888250148366,MM,True,True,True
ENSMUSG00000017740,10090.ENSMUSP00000096690,Slc12a5,6.626453333333332,protein_coding,2.3172312177561625,MM,True,True,True
ENSMUSG00000038756,10090.ENSMUSP00000127778,Ttll6,80.23406466666667,protein_coding,5.622223633960299,MM,True,False,False
ENSMUSG00000038039,10090.ENSMUSP00000054033,Gcc2,12.110036666666668,protein_coding,3.050561017664766,MM,True,False,True
ENSMUSG00000041362,10090.ENSMUSP00000041378,Shtn1,1.6316136666666663,protein_coding,0.9868329718002206,MM,True,False,True
ENSMUSG00000020380,10090.ENSMUSP00000020649,Rad50,19.670259666666666,protein_coding,3.6818932127321746,MM,True,False,False
ENSMUSG00000001833,10090.ENSMUSP00000110927,Sept7,66.72316233333333,protein_coding,5.362607780988525,MM,True,False,True
ENSMUSG00000020952,10090.ENSMUSP00000021335,Scfd1,59.380568333333336,protein_coding,5.198834645014346,MM,True,True,True
ENSMUSG00000028920,10090.ENSMUSP00000030757,Fbxo42,7.844433666666667,protein_coding,2.515466970088317,MM,True,False,True
ENSMUSG00000039197,10090.ENSMUSP00000047665,Adk,10.011911,protein_coding,2.811942124380152,MM,True,False,True
ENSMUSG00000019795,10090.ENSMUSP00000124932,Pcmt1,95.39520533333332,protein_coding,5.86729476270051,MM,True,False,True
ENSMUSG00000029397,10090.ENSMUSP00000031345,Rchy1,46.75035733333334,protein_coding,4.8641904871804575,MM,True,False,True
ENSMUSG00000013033,10090.ENSMUSP00000118452,Adgrl1,1.5188833333333331,protein_coding,0.9357312883746755,MM,True,False,False
ENSMUSG00000021243,10090.ENSMUSP00000021669,Fcf1,61.500460333333336,protein_coding,5.247788868850507,MM,True,False,True
ENSMUSG00000054611,10090.ENSMUSP00000047683,Kdm2a,18.69464633333333,protein_coding,3.6142256454490798,MM,True,False,True
ENSMUSG00000017721,10090.ENSMUSP00000099390,Pigt,26.52412366666667,protein_coding,4.083035779575706,MM,True,False,True
ENSMUSG00000032839,10090.ENSMUSP00000139672,Trpc1,4.7277363333333335,protein_coding,1.942595075066123,MM,True,False,True
ENSMUSG00000046230,10090.ENSMUSP00000068716,Vps13a,118.52290366666666,protein_coding,6.176385270782892,MM,True,False,False
ENSMUSG00000024560,10090.ENSMUSP00000025444,Cxxc1,47.93512233333333,protein_coding,4.898120830225228,MM,True,False,True
ENSMUSG00000028613,10090.ENSMUSP00000102343,Lrp8,4.451291666666666,protein_coding,1.8791829559700297,MM,True,False,False
ENSMUSG00000064351,10090.ENSMUSP00000080993,mt-Co1,2545.213623333333,protein_coding,10.581561302245037,MM,True,False,True
ENSMUSG00000015971,10090.ENSMUSP00000016115,Actr8,77.474673,protein_coding,5.57322191475331,MM,True,False,True
ENSMUSG00000020790,10090.ENSMUSP00000118751,Ankfy1,2.6638873333333333,protein_coding,1.3796473908926532,MM,True,False,False
ENSMUSG00000026439,10090.ENSMUSP00000141003,Rbbp5,9.069350333333334,protein_coding,2.6906662769508936,MM,True,False,True
ENSMUSG00000048285,10090.ENSMUSP00000052202,Frmd6,1.0497413333333334,protein_coding,0.7062272839596977,MM,True,False,True
ENSMUSG00000022607,10090.ENSMUSP00000105663,Ptk2,19.052800666666666,protein_coding,3.6393636902846085,MM,True,False,True
ENSMUSG00000032386,10090.ENSMUSP00000112385,Trip4,44.94868366666666,protein_coding,4.809180012971448,MM,True,False,True
ENSMUSG00000075703,10090.ENSMUSP00000118368,Selenoi,29.473645,protein_coding,4.227844484784561,MM,True,False,True
ENSMUSG00000020483,10090.ENSMUSP00000020775,Dynll2,46.74479033333333,protein_coding,4.863408291409486,MM,True,False,True
ENSMUSG00000056962,10090.ENSMUSP00000047570,Jmjd6,55.08222033333334,protein_coding,5.092563570753704,MM,True,False,False
ENSMUSG00000017132,10090.ENSMUSP00000017276,Cyth1,10.518893333333333,protein_coding,2.873755200721467,MM,True,False,True
ENSMUSG00000026596,10090.ENSMUSP00000027888,Abl2,3.871435,protein_coding,1.735170775441463,MM,True,False,True
ENSMUSG00000096156,10090.ENSMUSP00000137011,Gm9242,18.026155333333328,processed_pseudogene,3.5659682403095547,MM,True,False,True
ENSMUSG00000022962,10090.ENSMUSP00000023684,Gart,9.333856333333337,protein_coding,2.725039303142722,MM,True,False,True
ENSMUSG00000025571,10090.ENSMUSP00000101951,Tnrc6c,22.90290133333333,protein_coding,3.8845381737497466,MM,True,False,True
ENSMUSG00000026878,10090.ENSMUSP00000028238,Rab14,22.230311666666665,protein_coding,3.8452546842768407,MM,True,False,True
ENSMUSG00000033059,10090.ENSMUSP00000035743,Pygb,2.1465856666666667,protein_coding,1.1958578063401457,MM,True,False,True
ENSMUSG00000038510,10090.ENSMUSP00000035456,Rpf2,33.14672866666667,protein_coding,4.388762092160795,MM,True,False,True
ENSMUSG00000024456,10090.ENSMUSP00000025337,Diaph1,21.956054,protein_coding,3.8282988610429514,MM,True,False,True
ENSMUSG00000034801,10090.ENSMUSP00000138793,Sos2,1.876774,protein_coding,1.0904374950269744,MM,True,False,True
ENSMUSG00000062908,10090.ENSMUSP00000072483,Acadm,14.228472333333334,protein_coding,3.2571393382867333,MM,True,False,True
ENSMUSG00000036372,10090.ENSMUSP00000044751,Tmem258,106.185392,protein_coding,6.019823942425661,MM,True,False,False
ENSMUSG00000022432,10090.ENSMUSP00000023068,Smc1b,200.708186,protein_coding,6.92804454275518,MM,True,False,True
ENSMUSG00000054792,10090.ENSMUSP00000069674,Klhl18,13.37752,protein_coding,3.17717058558614,MM,True,False,False
ENSMUSG00000068206,10090.ENSMUSP00000128126,Pick1,53.40762833333333,protein_coding,5.0493773155186235,MM,True,False,True
ENSMUSG00000005481,10090.ENSMUSP00000019576,Ddx39,134.38757833333332,protein_coding,6.354619140610037,MM,True,True,True
ENSMUSG00000030058,10090.ENSMUSP00000109237,Copg1,39.05276133333333,protein_coding,4.614147770569278,MM,True,False,True
ENSMUSG00000031485,10090.ENSMUSP00000033875,Plpbp,17.973888666666664,protein_coding,3.5621877483507376,MM,True,False,False
ENSMUSG00000055681,10090.ENSMUSP00000071078,Cope,46.76555533333334,protein_coding,4.863874422805016,MM,True,False,True
ENSMUSG00000020823,10090.ENSMUSP00000021177,Sec14l1,51.63260166666666,protein_coding,5.002323766968509,MM,True,False,True
ENSMUSG00000025437,10090.ENSMUSP00000113265,Usp33,8.633115666666667,protein_coding,2.630777281009778,MM,True,True,True
ENSMUSG00000036918,10090.ENSMUSP00000040771,Ttc7,6.01246,protein_coding,2.2064924665600087,MM,True,False,True
ENSMUSG00000063316,10090.ENSMUSP00000090305,Rpl27,109.017273,protein_coding,6.056294902688595,MM,True,False,True
ENSMUSG00000028330,10090.ENSMUSP00000030014,Ncbp1,333.60137933333334,protein_coding,7.656030324904995,MM,True,True,True
ENSMUSG00000021670,10090.ENSMUSP00000022176,Hmgcr,61.132787,protein_coding,5.239289932137945,MM,True,False,True
ENSMUSG00000014932,10090.ENSMUSP00000072154,Yes1,15.117553333333333,protein_coding,3.3358954269097163,MM,True,False,False
ENSMUSG00000070733,10090.ENSMUSP00000098687,Fryl,6.254261666666667,protein_coding,2.2516538606153036,MM,True,False,True
ENSMUSG00000063317,10090.ENSMUSP00000040037,Usp31,3.0231939999999997,protein_coding,1.4954480415651366,MM,True,False,False
ENSMUSG00000060314,10090.ENSMUSP00000101667,Zfp941,1.3993909999999998,protein_coding,0.8810696704304235,MM,True,False,False
ENSMUSG00000079487,10090.ENSMUSP00000085260,Med12,1.6523503333333334,protein_coding,0.99552407561616,MM,True,False,True
ENSMUSG00000028923,10090.ENSMUSP00000030760,Necap2,24.793264,protein_coding,3.9918060110601674,MM,True,False,True
ENSMUSG00000024812,10090.ENSMUSP00000097154,Tjp2,5.224406666666667,protein_coding,2.0505615980853786,MM,True,False,False
ENSMUSG00000031078,10090.ENSMUSP00000099368,Cttn,13.279373333333336,protein_coding,3.16777142820638,MM,True,False,True
ENSMUSG00000001229,10090.ENSMUSP00000046604,Dpp9,6.4383919999999994,protein_coding,2.2830659737093755,MM,True,False,False
ENSMUSG00000057234,10090.ENSMUSP00000080337,Mettl15,4.223243666666666,protein_coding,1.8231843979152889,MM,True,False,True
ENSMUSG00000021066,10090.ENSMUSP00000021466,Atl1,37.141317,protein_coding,4.545529400242319,MM,True,True,True
ENSMUSG00000045983,10090.ENSMUSP00000047678,Eif4g1,31.95151,protein_coding,4.3375042101431776,MM,True,False,True
ENSMUSG00000028343,10090.ENSMUSP00000030028,Erp44,52.62068433333334,protein_coding,5.029620218694593,MM,True,False,True
ENSMUSG00000052293,10090.ENSMUSP00000140244,Taf9,410.1857096666667,protein_coding,7.951899129455976,MM,True,False,False
ENSMUSG00000038987,10090.ENSMUSP00000099877,Cfap157,57.43506133333333,protein_coding,5.151313996933148,MM,True,False,False
ENSMUSG00000042506,10090.ENSMUSP00000041263,Usp22,2.156810333333333,protein_coding,1.199906402301562,MM,True,False,True
ENSMUSG00000017861,10090.ENSMUSP00000018005,Mybl2,3.2432263333333338,protein_coding,1.5608522077447298,MM,True,False,False
ENSMUSG00000002413,10090.ENSMUSP00000002487,Braf,8.910395,protein_coding,2.6688662302903903,MM,True,False,True
ENSMUSG00000024360,10090.ENSMUSP00000025218,Etf1,64.239657,protein_coding,5.309438045174814,MM,True,False,True
ENSMUSG00000037531,10090.ENSMUSP00000048078,Mrpl47,43.22640633333333,protein_coding,4.75512477926781,MM,True,False,True
ENSMUSG00000020078,10090.ENSMUSP00000090130,Vps26a,550.731079,protein_coding,8.376534178175724,MM,True,False,True
ENSMUSG00000070972,10090.ENSMUSP00000092680,Dnajc25,5.493704666666666,protein_coding,2.1062865585952046,MM,True,False,False
ENSMUSG00000060073,10090.ENSMUSP00000125548,Psma3,183.70917233333333,protein_coding,6.801052545800576,MM,True,False,True
ENSMUSG00000029762,10090.ENSMUSP00000040244,Akr1b8,30.27007633333333,protein_coding,4.264022313617003,MM,True,False,True
ENSMUSG00000047714,10090.ENSMUSP00000060118,Ppp1r2,155.458537,protein_coding,6.562693619508062,MM,True,False,True
ENSMUSG00000034912,10090.ENSMUSP00000137608,Mdga2,3.022689666666667,protein_coding,1.4944763721388794,MM,True,False,False
ENSMUSG00000052798,10090.ENSMUSP00000063590,Nup107,79.22391999999999,protein_coding,5.604432950678374,MM,True,False,True
ENSMUSG00000032547,10090.ENSMUSP00000135858,Ryk,1.8324736666666668,protein_coding,1.0718699637520324,MM,True,False,False
ENSMUSG00000026024,10090.ENSMUSP00000027178,Als2,10.994246,protein_coding,2.9284014034049304,MM,True,False,True
ENSMUSG00000038274,10090.ENSMUSP00000136358,Fau,227.450287,protein_coding,7.1054581987506555,MM,True,False,True
ENSMUSG00000028683,10090.ENSMUSP00000102056,Eif2b3,10.171432000000001,protein_coding,2.831042249228147,MM,True,False,True
ENSMUSG00000038084,10090.ENSMUSP00000124223,Opa1,25.38213900000001,protein_coding,4.025144731234206,MM,True,False,True
ENSMUSG00000022533,10090.ENSMUSP00000051645,Atp13a3,7.948323333333333,protein_coding,2.531243620667093,MM,True,False,False
ENSMUSG00000022844,10090.ENSMUSP00000023550,Pdia5,2.122405333333333,protein_coding,1.1869209655012418,MM,True,False,False
ENSMUSG00000010021,10090.ENSMUSP00000081398,Kif19a,23.22337966666667,protein_coding,3.9027249128097563,MM,True,True,True
ENSMUSG00000029063,10090.ENSMUSP00000101238,Nadk,22.80149466666667,protein_coding,3.8788839540237583,MM,True,False,True
ENSMUSG00000063696,10090.ENSMUSP00000132472,Gm8730,50.63574333333333,processed_pseudogene,4.97457815098362,MM,True,False,False
ENSMUSG00000025138,10090.ENSMUSP00000079093,Sirt7,5.066964333333334,protein_coding,2.0165925914395784,MM,True,False,False
ENSMUSG00000040112,10090.ENSMUSP00000048348,Mrps35,3.218378,protein_coding,1.5540100204581044,MM,True,False,True
ENSMUSG00000042208,10090.ENSMUSP00000044265,0610010F05Rik,114.512146,protein_coding,6.1272276710683435,MM,True,False,True
ENSMUSG00000087370,10090.ENSMUSP00000131144,Tmem170b,1.1997876666666667,protein_coding,0.7838807045628505,MM,True,False,True
ENSMUSG00000028354,10090.ENSMUSP00000030039,Fmn2,4.101758666666666,protein_coding,1.7923924221134424,MM,True,False,False
ENSMUSG00000027671,10090.ENSMUSP00000029214,Actl6a,132.17801933333337,protein_coding,6.331220708161691,MM,True,True,True
ENSMUSG00000039771,10090.ENSMUSP00000038505,Polr2j,10.033351666666666,protein_coding,2.814186508071892,MM,True,False,True
ENSMUSG00000052911,10090.ENSMUSP00000069087,Lamb2,2.2014306666666665,protein_coding,1.215536546012707,MM,True,False,True
ENSMUSG00000042476,10090.ENSMUSP00000003717,Abcb4,1.7931093333333334,protein_coding,1.0555906403392608,MM,True,False,False
ENSMUSG00000032123,10090.ENSMUSP00000056282,Dpagt1,1.1458549999999998,protein_coding,0.7565072556035605,MM,True,False,True
ENSMUSG00000032705,10090.ENSMUSP00000043049,Exd2,31.736636999999998,protein_coding,4.328548628769534,MM,True,True,True
ENSMUSG00000020850,10090.ENSMUSP00000018449,Prpf8,57.630858,protein_coding,5.156420645133943,MM,True,False,True
ENSMUSG00000003847,10090.ENSMUSP00000127784,Nfat5,3.386419666666667,protein_coding,1.6026738271607204,MM,True,False,False
ENSMUSG00000005442,10090.ENSMUSP00000126659,Cic,10.237973666666667,protein_coding,2.8388262103897297,MM,True,False,False
ENSMUSG00000027933,10090.ENSMUSP00000029542,Ints3,5.183650666666667,protein_coding,2.042377951159353,MM,True,False,True
ENSMUSG00000062791,10090.ENSMUSP00000094056,Gm382,1.5159983333333331,protein_coding,0.9354293220204154,MM,True,False,False
ENSMUSG00000026933,10090.ENSMUSP00000109804,Camsap1,80.82891333333333,protein_coding,5.632051795011437,MM,True,False,False
ENSMUSG00000019782,10090.ENSMUSP00000019917,Rwdd1,55.89510466666667,protein_coding,5.113779776323524,MM,True,False,True
ENSMUSG00000032462,10090.ENSMUSP00000035037,Pik3cb,9.440261666666666,protein_coding,2.7396192978879306,MM,True,False,True
ENSMUSG00000028158,10090.ENSMUSP00000096179,Mttp,15.927925,protein_coding,3.403337582723377,MM,True,False,True
ENSMUSG00000028261,10090.ENSMUSP00000029925,Ndufaf4,2.82229,protein_coding,1.4321528756459152,MM,True,False,False
ENSMUSG00000043036,10090.ENSMUSP00000050582,Ccdc63,75.40202333333333,protein_coding,5.534601681678014,MM,True,False,True
ENSMUSG00000074619,10090.ENSMUSP00000141045,1700034I23Rik,11.253217666666664,protein_coding,2.9579973454349573,MM,True,False,True
ENSMUSG00000025967,10090.ENSMUSP00000116492,Eef1b2,93.06799333333332,protein_coding,5.832593665980093,MM,True,False,True
ENSMUSG00000001962,10090.ENSMUSP00000109797,Fam50a,2.6332116666666665,protein_coding,1.369361691932323,MM,True,False,True
ENSMUSG00000018846,10090.ENSMUSP00000018990,Pank3,1.9903110000000002,protein_coding,1.1357727820973518,MM,True,False,False
ENSMUSG00000030754,10090.ENSMUSP00000033012,Copb1,46.317114333333336,protein_coding,4.851356908167432,MM,True,False,True
ENSMUSG00000032740,10090.ENSMUSP00000048978,Ccdc88a,94.386721,protein_coding,5.8528578457637614,MM,True,True,True
ENSMUSG00000040661,10090.ENSMUSP00000045454,Rad54l2,3.809175,protein_coding,1.7187649215397984,MM,True,False,False
ENSMUSG00000030835,10090.ENSMUSP00000033121,Nomo1,74.52620033333334,protein_coding,5.51770229616379,MM,True,False,True
ENSMUSG00000024926,10090.ENSMUSP00000109271,Kat5,152.43502333333333,protein_coding,6.533866556395695,MM,True,True,True
ENSMUSG00000024493,10090.ENSMUSP00000095197,Lars,27.193296999999998,protein_coding,4.117451304128937,MM,True,False,True
ENSMUSG00000002797,10090.ENSMUSP00000120154,Ggct,53.465248,protein_coding,5.0514897400909184,MM,True,False,True
ENSMUSG00000063065,10090.ENSMUSP00000051619,Mapk3,49.87016266666666,protein_coding,4.9535767647945,MM,True,False,True
ENSMUSG00000030879,10090.ENSMUSP00000117971,Mrpl17,4.741366666666667,protein_coding,1.9452061496178916,MM,True,False,True
ENSMUSG00000029389,10090.ENSMUSP00000070279,Ddx55,3.654021333333333,protein_coding,1.6773046682740276,MM,True,False,False
ENSMUSG00000062604,10090.ENSMUSP00000085734,Srpk2,64.34615566666666,protein_coding,5.311474548525479,MM,True,False,True
ENSMUSG00000063129,10090.ENSMUSP00000079022,Aldoart2,39.649897333333335,protein_coding,4.634635472272746,MM,True,False,True
ENSMUSG00000003134,10090.ENSMUSP00000049967,Tbc1d8,1.2532936666666668,protein_coding,0.8106838414199036,MM,True,False,False
ENSMUSG00000022299,10090.ENSMUSP00000022908,Slc25a32,1.0485426666666666,protein_coding,0.7058912268251322,MM,True,False,False
ENSMUSG00000028541,10090.ENSMUSP00000030266,B4galt2,10.971962333333332,protein_coding,2.9238004177254844,MM,True,False,False
ENSMUSG00000001383,10090.ENSMUSP00000001419,Zmat2,45.32208733333334,protein_coding,4.821549526861327,MM,True,False,False
ENSMUSG00000027379,10090.ENSMUSP00000028858,Bub1,34.36687966666667,protein_coding,4.438139923123342,MM,True,True,True
ENSMUSG00000028114,10090.ENSMUSP00000029759,Mettl14,15.358026000000002,protein_coding,3.356547163678364,MM,True,False,True
ENSMUSG00000021427,10090.ENSMUSP00000021864,Ssr1,34.76042066666667,protein_coding,4.453473307793843,MM,True,False,True
ENSMUSG00000003228,10090.ENSMUSP00000003313,Grk5,1.164282,protein_coding,0.7655565280648504,MM,True,False,False
ENSMUSG00000023032,10090.ENSMUSP00000023776,Slc4a8,11.578576666666667,protein_coding,2.993309641953675,MM,True,True,True
ENSMUSG00000017831,10090.ENSMUSP00000017975,Rab5a,6.657126333333332,protein_coding,2.3232982928372143,MM,True,False,True
ENSMUSG00000037712,10090.ENSMUSP00000044554,Fermt2,3.099196333333333,protein_coding,1.5176647274143371,MM,True,False,True
ENSMUSG00000036427,10090.ENSMUSP00000049355,Gpi1,29.273213666666663,protein_coding,4.217347600809663,MM,True,False,True
ENSMUSG00000005687,10090.ENSMUSP00000005830,Bcas2,246.00808733333332,protein_coding,7.219694149870418,MM,True,False,True
ENSMUSG00000006457,10090.ENSMUSP00000006626,Actn3,1.866692,protein_coding,1.085391795246809,MM,True,False,False
ENSMUSG00000059923,10090.ENSMUSP00000021090,Grb2,6.950688333333333,protein_coding,2.3730060355019185,MM,True,False,True
ENSMUSG00000029434,10090.ENSMUSP00000031388,Vps33a,4.169605333333334,protein_coding,1.8104780653826273,MM,True,False,True
ENSMUSG00000028337,10090.ENSMUSP00000103385,Coro2a,13.514122333333333,protein_coding,3.1901819867629664,MM,True,False,False
ENSMUSG00000054321,10090.ENSMUSP00000126909,Taf4b,1.849952,protein_coding,1.0789807071961923,MM,True,False,True
ENSMUSG00000025793,10090.ENSMUSP00000026900,Hgs,123.79967966666668,protein_coding,6.2372555334209085,MM,True,False,True
ENSMUSG00000015016,10090.ENSMUSP00000015160,Acsf3,8.491176666666666,protein_coding,2.609606919191306,MM,True,False,True
ENSMUSG00000022568,10090.ENSMUSP00000002603,Scrib,69.81542966666666,protein_coding,5.425038412562424,MM,True,True,True
ENSMUSG00000039041,10090.ENSMUSP00000050076,Adrm1,77.55317933333333,protein_coding,5.573806458292477,MM,True,False,True
ENSMUSG00000058886,10090.ENSMUSP00000079395,Deaf1,12.626364333333333,protein_coding,3.1028264079791086,MM,True,False,True
ENSMUSG00000001707,10090.ENSMUSP00000001757,Eef1e1,4.252817333333334,protein_coding,1.8313066694688942,MM,True,False,True
ENSMUSG00000025374,10090.ENSMUSP00000026439,Nabp2,41.367037333333336,protein_coding,4.692929881393034,MM,True,False,True
ENSMUSG00000021079,10090.ENSMUSP00000126298,Timm9,22.90609833333333,protein_coding,3.885591283564531,MM,True,False,True
ENSMUSG00000002741,10090.ENSMUSP00000002818,Ykt6,25.299015666666666,protein_coding,4.019305400482406,MM,True,False,True
ENSMUSG00000024107,10090.ENSMUSP00000024916,Lhcgr,3.6893886666666655,protein_coding,1.6866012228490839,MM,True,False,False
ENSMUSG00000002580,10090.ENSMUSP00000002655,Mien1,113.16881566666667,protein_coding,6.109765414264521,MM,True,False,True
ENSMUSG00000036529,10090.ENSMUSP00000118107,Sbf1,25.015179,protein_coding,4.002796057026017,MM,True,False,True
ENSMUSG00000027447,10090.ENSMUSP00000028938,Cst3,116.62700666666666,protein_coding,6.152133124000852,MM,True,False,False
ENSMUSG00000022377,10090.ENSMUSP00000134825,Asap1,41.963366,protein_coding,4.7136833158306555,MM,True,False,True
ENSMUSG00000021338,10090.ENSMUSP00000072662,Carmil1,7.492042333333332,protein_coding,2.4596926791003626,MM,True,False,False
ENSMUSG00000034101,10090.ENSMUSP00000064518,Ctnnd1,40.96484766666666,protein_coding,4.680825499412832,MM,True,False,False
ENSMUSG00000020629,10090.ENSMUSP00000020957,Adi1,3.5901916666666667,protein_coding,1.6601236000630564,MM,True,False,True
ENSMUSG00000029283,10090.ENSMUSP00000031221,Cdc7,20.640747,protein_coding,3.7460324062672585,MM,True,True,True
ENSMUSG00000031919,10090.ENSMUSP00000034393,Tmed6,37.66805033333333,protein_coding,4.563998623587522,MM,True,False,True
ENSMUSG00000032512,10090.ENSMUSP00000042509,Wdr48,330.32717899999994,protein_coding,7.641676904664838,MM,True,False,True
ENSMUSG00000031683,10090.ENSMUSP00000049722,Lsm6,10.42533,protein_coding,2.862477312323658,MM,True,False,True
ENSMUSG00000067288,10090.ENSMUSP00000110013,Rps28,142.687261,protein_coding,6.439509096982268,MM,True,False,True
ENSMUSG00000020063,10090.ENSMUSP00000101082,Sirt1,24.21918766666667,protein_coding,3.9612534706700937,MM,True,True,False
ENSMUSG00000059995,10090.ENSMUSP00000072967,Atxn7l3,16.222853999999998,protein_coding,3.4268892505548947,MM,True,False,True
ENSMUSG00000038876,10090.ENSMUSP00000124215,Rnf146,13.839196,protein_coding,3.220468799856026,MM,True,False,True
ENSMUSG00000042156,10090.ENSMUSP00000039689,Dzip1,109.24526233333334,protein_coding,6.059951936029565,MM,True,False,False
ENSMUSG00000061479,10090.ENSMUSP00000079228,Snrpa,38.678315333333344,protein_coding,4.6003940370629035,MM,True,False,False
ENSMUSG00000094724,10090.ENSMUSP00000137303,Rnaset2b,9.920147666666663,protein_coding,2.800232094585626,MM,True,False,False
ENSMUSG00000029922,10090.ENSMUSP00000031985,Mkrn1,513.9102680000002,protein_coding,8.27668803833021,MM,True,True,True
ENSMUSG00000059835,10090.ENSMUSP00000078877,Rpl13-ps3,36.73064400000001,processed_pseudogene,4.528840621811945,MM,True,False,True
ENSMUSG00000053091,10090.ENSMUSP00000112404,Lins1,6.3274550000000005,protein_coding,2.2649807306651315,MM,True,False,False
ENSMUSG00000056436,10090.ENSMUSP00000028430,Cyct,215.63340266666668,protein_coding,7.030586063518829,MM,True,False,True
ENSMUSG00000026615,10090.ENSMUSP00000045841,Eprs,57.73761966666667,protein_coding,5.159270579767647,MM,True,False,True
ENSMUSG00000048416,10090.ENSMUSP00000058596,Mlf1,532.5116576666667,protein_coding,8.328317595800517,MM,True,False,False
ENSMUSG00000031299,10090.ENSMUSP00000033662,Pdha1,1.845005,protein_coding,1.0766769776768734,MM,True,False,True
ENSMUSG00000029863,10090.ENSMUSP00000031895,Casp2,1.6524130000000001,protein_coding,0.995099748894992,MM,True,False,False
ENSMUSG00000022463,10090.ENSMUSP00000023100,Srebf2,10.462631333333333,protein_coding,2.8660904500896147,MM,True,False,True
ENSMUSG00000051255,10090.ENSMUSP00000137244,Gm6563,163.37485766666666,processed_pseudogene,6.634124795660282,MM,True,False,True
ENSMUSG00000004096,10090.ENSMUSP00000004200,Cwc15,404.13147999999995,protein_coding,7.931211218552837,MM,True,False,True
ENSMUSG00000089917,10090.ENSMUSP00000050398,Uckl1,21.943569,protein_coding,3.826383438621952,MM,True,False,False
ENSMUSG00000002679,10090.ENSMUSP00000125156,Med6,45.12999100000001,protein_coding,4.8152655781974705,MM,True,False,True
ENSMUSG00000016257,10090.ENSMUSP00000016401,Prelid3b,72.53882866666667,protein_coding,5.479721714477592,MM,True,False,True
ENSMUSG00000020475,10090.ENSMUSP00000020768,Pgam2,1031.6736653333335,protein_coding,9.279044617126072,MM,True,False,True
ENSMUSG00000068329,10090.ENSMUSP00000087073,Htra2,16.308608333333336,protein_coding,3.432947473823327,MM,True,True,False
ENSMUSG00000039205,10090.ENSMUSP00000108960,Ciz1,105.42605333333331,protein_coding,6.008984280398749,MM,True,False,False
ENSMUSG00000018669,10090.ENSMUSP00000099441,Cdk5rap3,130.71325433333334,protein_coding,6.314364546775214,MM,True,True,True
ENSMUSG00000035762,10090.ENSMUSP00000055208,Tmem161b,25.878518,protein_coding,4.051197830805746,MM,True,False,True
ENSMUSG00000001052,10090.ENSMUSP00000001079,Sec24b,49.97992333333334,protein_coding,4.957249109616768,MM,True,False,True
ENSMUSG00000035142,10090.ENSMUSP00000044292,Nubpl,1.5901363333333334,protein_coding,0.9685520948600959,MM,True,False,True
ENSMUSG00000023272,10090.ENSMUSP00000024042,Creld2,204.80422466666667,protein_coding,6.956324510698642,MM,True,True,True
ENSMUSG00000034906,10090.ENSMUSP00000106017,Ncaph,37.98271433333333,protein_coding,4.575891934780233,MM,True,False,True
ENSMUSG00000039307,10090.ENSMUSP00000101723,Hexdc,1.8931626666666668,protein_coding,1.0972615412563425,MM,True,False,False
ENSMUSG00000069769,10090.ENSMUSP00000103541,Msi2,11.238169000000001,protein_coding,2.955195240214132,MM,True,False,False
ENSMUSG00000041594,10090.ENSMUSP00000046368,Tmtc4,1.812181,protein_coding,1.0633763845587292,MM,True,False,False
ENSMUSG00000094936,10090.ENSMUSP00000137345,Rbm4,18.092574333333328,protein_coding,3.5707537075899975,MM,True,False,False
ENSMUSG00000054814,10090.ENSMUSP00000070554,Usp46,18.511800666666666,protein_coding,3.5998892829334808,MM,True,False,True
ENSMUSG00000028044,10090.ENSMUSP00000029679,Cks1b,7.1910669999999985,protein_coding,2.4137630367997107,MM,True,False,True
ENSMUSG00000030036,10090.ENSMUSP00000032114,Mogs,4.177196,protein_coding,1.8122894216178789,MM,True,False,True
ENSMUSG00000030884,10090.ENSMUSP00000033176,Uqcrc2,128.649508,protein_coding,6.292835266578032,MM,True,False,True
ENSMUSG00000036438,10090.ENSMUSP00000048857,Calm2,2189.258056666667,protein_coding,10.364242437158346,MM,True,True,True
ENSMUSG00000005447,10090.ENSMUSP00000005583,Pafah1b3,33.59416433333333,protein_coding,4.405322031293043,MM,True,False,True
ENSMUSG00000034118,10090.ENSMUSP00000035614,Tpst1,43.79188533333333,protein_coding,4.7728637130508424,MM,True,False,True
ENSMUSG00000069844,10090.ENSMUSP00000090673,Sco1,2.3372813333333333,protein_coding,1.2662714253513878,MM,True,False,True
ENSMUSG00000035266,10090.ENSMUSP00000041599,Helq,12.757544666666664,protein_coding,3.1165199644950605,MM,True,True,False
ENSMUSG00000054894,10090.ENSMUSP00000021372,Dmac2l,66.95825933333332,protein_coding,5.367477714428572,MM,True,False,True
ENSMUSG00000041570,10090.ENSMUSP00000041920,Camsap2,8.397669666666667,protein_coding,2.5977108096593655,MM,True,False,False
ENSMUSG00000021555,10090.ENSMUSP00000022038,Naa35,40.78487166666667,protein_coding,4.674853738428721,MM,True,False,True
ENSMUSG00000022752,10090.ENSMUSP00000129186,Tomm70a,104.419861,protein_coding,5.995968403866833,MM,True,False,True
ENSMUSG00000021218,10090.ENSMUSP00000062996,Gdi2,114.065183,protein_coding,6.121717459159851,MM,True,False,True
ENSMUSG00000022802,10090.ENSMUSP00000023497,Lmln,3.9728966666666663,protein_coding,1.761245268873695,MM,True,False,True
ENSMUSG00000028964,10090.ENSMUSP00000030805,Park7,98.88292933333334,protein_coding,5.917909137484917,MM,True,False,True
ENSMUSG00000001785,10090.ENSMUSP00000001836,Pwp1,58.28729000000001,protein_coding,5.172363711943659,MM,True,True,True
ENSMUSG00000036561,10090.ENSMUSP00000086167,Ppp6r2,8.094005666666668,protein_coding,2.552315584315781,MM,True,False,True
ENSMUSG00000023861,10090.ENSMUSP00000119443,Mpc1,20.005994333333334,protein_coding,3.7038698063742004,MM,True,False,True
ENSMUSG00000005813,10090.ENSMUSP00000029804,Metap1,53.18170799999999,protein_coding,5.044030645579147,MM,True,False,True
ENSMUSG00000037257,10090.ENSMUSP00000048595,Aagab,8.443583333333335,protein_coding,2.603512091871902,MM,True,False,False
ENSMUSG00000031849,10090.ENSMUSP00000003659,Comp,186.88475566666668,protein_coding,6.8244891334119,MM,True,True,False
ENSMUSG00000037426,10090.ENSMUSP00000113862,Depdc5,9.506082333333334,protein_coding,2.747790324022047,MM,True,False,True
ENSMUSG00000048065,10090.ENSMUSP00000050061,Cyb5r2,10.226879333333333,protein_coding,2.8384556607260563,MM,True,False,True
ENSMUSG00000034187,10090.ENSMUSP00000099364,Nsf,3.580308666666667,protein_coding,1.656553268744223,MM,True,False,True
ENSMUSG00000022240,10090.ENSMUSP00000080427,Ctnnd2,1.5572936666666666,protein_coding,0.9541220950040759,MM,True,False,False
ENSMUSG00000028495,10090.ENSMUSP00000099878,Rps6,447.2326153333333,protein_coding,8.07697979311896,MM,True,False,True
ENSMUSG00000054312,10090.ENSMUSP00000066990,Mrps21,21.465941666666666,protein_coding,3.7972029374751566,MM,True,False,False
ENSMUSG00000052273,10090.ENSMUSP00000042857,Dnah3,3.8274076666666668,protein_coding,1.7231303855579023,MM,True,False,True
ENSMUSG00000003662,10090.ENSMUSP00000003759,Ciao1,11.262015666666667,protein_coding,2.9589007529871236,MM,True,False,True
ENSMUSG00000032501,10090.ENSMUSP00000068834,Trib1,4.252936666666667,protein_coding,1.830859566204911,MM,True,False,False
ENSMUSG00000031948,10090.ENSMUSP00000126268,Kars,84.140124,protein_coding,5.689417861122465,MM,True,False,True
ENSMUSG00000037126,10090.ENSMUSP00000093729,Psd,3.206250666666666,protein_coding,1.5491130119934935,MM,True,False,True
ENSMUSG00000051306,10090.ENSMUSP00000053955,Usp42,41.492475,protein_coding,4.698128093920365,MM,True,False,False
ENSMUSG00000021687,10090.ENSMUSP00000022197,Scamp1,70.451791,protein_coding,5.438508496632293,MM,True,False,True
ENSMUSG00000022521,10090.ENSMUSP00000023165,Crebbp,3.7528863333333335,protein_coding,1.703748349098454,MM,True,False,True
ENSMUSG00000053470,10090.ENSMUSP00000128789,Kdm3a,197.074356,protein_coding,6.901777591401177,MM,True,False,False
ENSMUSG00000000776,10090.ENSMUSP00000000793,Polr3d,10.528400333333334,protein_coding,2.8748257473940266,MM,True,False,True
ENSMUSG00000021147,10090.ENSMUSP00000021572,Wdr37,12.114615333333333,protein_coding,3.0512451134445797,MM,True,False,True
ENSMUSG00000031669,10090.ENSMUSP00000034094,Gins3,2.6994,protein_coding,1.391573258243263,MM,True,False,True
ENSMUSG00000054003,10090.ENSMUSP00000078022,Tdrd9,65.88783133333332,protein_coding,5.344303590431415,MM,True,True,True
ENSMUSG00000066440,10090.ENSMUSP00000021547,Zfyve26,3.736304,protein_coding,1.699193875605293,MM,True,False,True
ENSMUSG00000035649,10090.ENSMUSP00000103454,Zcchc7,41.16333666666667,protein_coding,4.687420402499458,MM,True,False,True
ENSMUSG00000026426,10090.ENSMUSP00000027684,Arl8a,2.303898333333333,protein_coding,1.2549787507232621,MM,True,False,False
ENSMUSG00000033732,10090.ENSMUSP00000045073,Sf3b3,26.526429999999998,protein_coding,4.083706694109071,MM,True,False,True
ENSMUSG00000014592,10090.ENSMUSP00000054804,Camta1,7.676953,protein_coding,2.491482008817267,MM,True,False,True
ENSMUSG00000023118,10090.ENSMUSP00000023882,Sympk,40.374462,protein_coding,4.659480305816409,MM,True,False,True
ENSMUSG00000070699,10090.ENSMUSP00000092216,Sars2,1.6404746666666667,protein_coding,0.9897869238604136,MM,True,False,True
ENSMUSG00000020097,10090.ENSMUSP00000112975,Sgpl1,2.311330666666666,protein_coding,1.2576927691666715,MM,True,False,True
ENSMUSG00000021901,10090.ENSMUSP00000022458,Bap1,57.90569033333333,protein_coding,5.1634768877394635,MM,True,False,True
ENSMUSG00000022983,10090.ENSMUSP00000044472,Scaf4,60.10016733333333,protein_coding,5.215328919394749,MM,True,False,False
ENSMUSG00000048222,10090.ENSMUSP00000049548,Mfap1b,39.985039,protein_coding,4.64695928036231,MM,True,False,True
ENSMUSG00000029578,10090.ENSMUSP00000045201,Wipi2,58.93212233333333,protein_coding,5.1874737130826905,MM,True,False,True
ENSMUSG00000026248,10090.ENSMUSP00000027464,Mrpl44,25.18786433333333,protein_coding,4.013052023484069,MM,True,False,True
ENSMUSG00000034263,10090.ENSMUSP00000049284,Ints14,27.584779,protein_coding,4.136839786019854,MM,True,False,True
ENSMUSG00000039131,10090.ENSMUSP00000037328,Gipc2,30.508766,protein_coding,4.274142214583477,MM,True,False,True
ENSMUSG00000022940,10090.ENSMUSP00000109547,Pigp,19.804273000000002,protein_coding,3.6909979678517004,MM,True,False,True
ENSMUSG00000039781,10090.ENSMUSP00000101834,Cep131,36.90873633333333,protein_coding,4.534969373569597,MM,True,True,True
ENSMUSG00000028494,10090.ENSMUSP00000000466,Plin2,15.060081666666667,protein_coding,3.3314529473078203,MM,True,False,False
ENSMUSG00000027170,10090.ENSMUSP00000028592,Eif3m,166.60741166666662,protein_coding,6.6615690663968525,MM,True,False,True
ENSMUSG00000042446,10090.ENSMUSP00000101714,Zmym4,15.618195333333333,protein_coding,3.3780475279505775,MM,True,False,True
ENSMUSG00000004789,10090.ENSMUSP00000060346,Dlst,139.131668,protein_coding,6.404178329320312,MM,True,True,True
ENSMUSG00000038379,10090.ENSMUSP00000064839,Ttk,67.31657399999999,protein_coding,5.375204202045593,MM,True,False,True
ENSMUSG00000042737,10090.ENSMUSP00000103086,Dpm3,3.693718666666667,protein_coding,1.6863632171676814,MM,True,False,True
ENSMUSG00000034674,10090.ENSMUSP00000121000,Tdg,4.368471333333333,protein_coding,1.8595570825005694,MM,True,False,True
ENSMUSG00000055322,10090.ENSMUSP00000127715,Tns1,5.932274333333335,protein_coding,2.191380407352046,MM,True,False,False
ENSMUSG00000003868,10090.ENSMUSP00000103400,Ruvbl2,125.204651,protein_coding,6.253381607145589,MM,True,True,True
ENSMUSG00000036733,10090.ENSMUSP00000040005,Rbm42,29.57640566666667,protein_coding,4.227650545219614,MM,True,False,False
ENSMUSG00000026930,10090.ENSMUSP00000065000,Gpsm1,1.0710689999999998,protein_coding,0.7164735525159962,MM,True,False,True
ENSMUSG00000048154,10090.ENSMUSP00000023741,Kmt2d,10.175854666666666,protein_coding,2.8318229364798984,MM,True,False,False
ENSMUSG00000041408,10090.ENSMUSP00000040232,Wapl,140.33523533333334,protein_coding,6.416818404142285,MM,True,False,True
ENSMUSG00000001248,10090.ENSMUSP00000001280,Gramd1a,8.768950000000002,protein_coding,2.64905145241127,MM,True,False,False
ENSMUSG00000023345,10090.ENSMUSP00000072064,Poc1a,42.624527,protein_coding,4.735338994664197,MM,True,False,False
ENSMUSG00000029145,10090.ENSMUSP00000110250,Eif2b4,50.045545,protein_coding,4.95839176645114,MM,True,False,True
ENSMUSG00000020088,10090.ENSMUSP00000020285,Sar1a,39.122982,protein_coding,4.616601458612193,MM,True,False,True
ENSMUSG00000020321,10090.ENSMUSP00000099938,Mdh1,14.229753,protein_coding,3.2570626810520826,MM,True,False,True
ENSMUSG00000030541,10090.ENSMUSP00000103007,Idh2,5.024648666666667,protein_coding,2.0075884207962864,MM,True,False,True
ENSMUSG00000041355,10090.ENSMUSP00000045456,Ssr2,63.32594399999999,protein_coding,5.287858934532771,MM,True,False,True
ENSMUSG00000024587,10090.ENSMUSP00000025483,Nars,28.18132033333333,protein_coding,4.166107312427237,MM,True,False,True
ENSMUSG00000035597,10090.ENSMUSP00000112953,Prpf39,16.919193333333332,protein_coding,3.482652813468502,MM,True,False,True
ENSMUSG00000079435,10090.ENSMUSP00000108837,Rpl36a,20.60886,protein_coding,3.7435271035553424,MM,True,False,True
ENSMUSG00000026739,10090.ENSMUSP00000028071,Bmi1,26.62107933333333,protein_coding,4.08981322575128,MM,True,False,True
ENSMUSG00000027406,10090.ENSMUSP00000028892,Idh3b,84.93019600000002,protein_coding,5.702846418442015,MM,True,False,True
ENSMUSG00000032116,10090.ENSMUSP00000113116,Stt3a,32.540109666666666,protein_coding,4.363103777821714,MM,True,False,True
ENSMUSG00000057134,10090.ENSMUSP00000075107,Ado,5.1586810000000005,protein_coding,2.036689351161555,MM,True,False,True
ENSMUSG00000021116,10090.ENSMUSP00000071214,Eif2s1,118.98043833333332,protein_coding,6.181575206468625,MM,True,False,True
ENSMUSG00000031622,10090.ENSMUSP00000004494,Sin3b,132.64907833333334,protein_coding,6.336000385951883,MM,True,False,True
ENSMUSG00000038658,10090.ENSMUSP00000043437,Ric1,2.570192,protein_coding,1.3478734952317248,MM,True,False,True
ENSMUSG00000055065,10090.ENSMUSP00000055535,Ddx17,70.42816933333333,protein_coding,5.438537782836633,MM,True,False,False
ENSMUSG00000044340,10090.ENSMUSP00000056530,Phlpp1,9.375387666666667,protein_coding,2.7307102323816173,MM,True,False,True
ENSMUSG00000056305,10090.ENSMUSP00000064515,Usp39,20.185683666666666,protein_coding,3.7162220933570893,MM,True,False,False
ENSMUSG00000005823,10090.ENSMUSP00000005975,Gpr108,34.707105,protein_coding,4.450760920746109,MM,True,True,False
ENSMUSG00000033644,10090.ENSMUSP00000047385,Piwil2,70.803324,protein_coding,5.445984518798234,MM,True,True,True
ENSMUSG00000001016,10090.ENSMUSP00000001042,Ilf2,79.902855,protein_coding,5.616893735925917,MM,True,False,True
ENSMUSG00000048772,10090.ENSMUSP00000061523,Tmem53,36.11472266666667,protein_coding,4.505394134630127,MM,True,False,True
ENSMUSG00000033940,10090.ENSMUSP00000041644,Brk1,38.99083066666668,protein_coding,4.611840111443946,MM,True,False,True
ENSMUSG00000032411,10090.ENSMUSP00000128260,Tfdp2,5.382989666666668,protein_coding,2.0851917802241213,MM,True,False,True
ENSMUSG00000025782,10090.ENSMUSP00000026888,Taf3,18.090790666666667,protein_coding,3.5707081359601878,MM,True,False,True
ENSMUSG00000023883,10090.ENSMUSP00000024657,Phf10,195.63242566666668,protein_coding,6.890884055795174,MM,True,False,False
ENSMUSG00000002731,10090.ENSMUSP00000002808,Prkra,10.886113,protein_coding,2.9166551071963656,MM,True,False,True
ENSMUSG00000038806,10090.ENSMUSP00000037890,Sde2,12.404369666666668,protein_coding,3.0809242928596676,MM,True,False,False
ENSMUSG00000041313,10090.ENSMUSP00000046714,Slc7a1,3.133756333333334,protein_coding,1.5284327934938435,MM,True,True,False
ENSMUSG00000041781,10090.ENSMUSP00000047797,Cpsf2,28.474497,protein_coding,4.180339327064209,MM,True,False,True
ENSMUSG00000058709,10090.ENSMUSP00000078966,Egln2,297.91687533333334,protein_coding,7.492499871816132,MM,True,True,True
ENSMUSG00000017188,10090.ENSMUSP00000017332,Coa3,25.15625633333333,protein_coding,4.0114281898367565,MM,True,False,True
ENSMUSG00000046434,10090.ENSMUSP00000042658,Hnrnpa1,30.44969466666667,protein_coding,4.2725105763532,MM,True,False,True
ENSMUSG00000024785,10090.ENSMUSP00000067579,Rcl1,2.666882333333333,protein_coding,1.3807488394356109,MM,True,False,True
ENSMUSG00000075229,10090.ENSMUSP00000125874,Ccdc58,40.43263133333333,protein_coding,4.662573571644777,MM,True,True,True
ENSMUSG00000021646,10090.ENSMUSP00000022148,Mccc2,3.1846416666666664,protein_coding,1.543582986911935,MM,True,False,True
ENSMUSG00000039163,10090.ENSMUSP00000047904,Cmc1,7.0015806666666665,protein_coding,2.3817091954464233,MM,True,False,False
ENSMUSG00000053907,10090.ENSMUSP00000087118,Mat2a,18.961111666666667,protein_coding,3.633057836123959,MM,True,False,True
ENSMUSG00000019822,10090.ENSMUSP00000019965,Smpd2,2.4342846666666667,protein_coding,1.3010695880369303,MM,True,False,True
ENSMUSG00000089832,10090.ENSMUSP00000003857,Shkbp1,5.818228333333334,protein_coding,2.1697312398306114,MM,True,False,False
ENSMUSG00000023277,10090.ENSMUSP00000024047,Twf2,1.997636,protein_coding,1.1384901208893932,MM,True,False,False
ENSMUSG00000006095,10090.ENSMUSP00000006254,Tbcb,135.828598,protein_coding,6.369351861501623,MM,True,False,True
ENSMUSG00000021796,10090.ENSMUSP00000035900,Bmpr1a,2.8809560000000003,protein_coding,1.4509703237991134,MM,True,False,True
ENSMUSG00000020180,10090.ENSMUSP00000020397,Snrpd3,34.117745000000006,protein_coding,4.4264933981551655,MM,True,False,True
ENSMUSG00000018379,10090.ENSMUSP00000120595,Srsf1,86.53533933333334,protein_coding,5.730082141856568,MM,True,False,True
ENSMUSG00000040712,10090.ENSMUSP00000043792,Camta2,4.023422,protein_coding,1.7735306785030043,MM,True,False,True
ENSMUSG00000061130,10090.ENSMUSP00000079107,Ppm1b,307.4080196666667,protein_coding,7.53852646703374,MM,True,False,False
ENSMUSG00000020198,10090.ENSMUSP00000020420,Ap3d1,50.156156,protein_coding,4.961891609430765,MM,True,False,True
ENSMUSG00000000001,10090.ENSMUSP00000000001,Gnai3,27.47827233333333,protein_coding,4.131841846091733,MM,True,True,True
ENSMUSG00000031447,10090.ENSMUSP00000033824,Lamp1,361.8860676666666,protein_coding,7.772656281977821,MM,True,False,True
ENSMUSG00000035297,10090.ENSMUSP00000048416,Cops4,410.97980766666666,protein_coding,7.955546093676451,MM,True,False,True
ENSMUSG00000069045,10090.ENSMUSP00000088729,Ddx3y,3.3248563333333334,protein_coding,1.5855314515626882,MM,True,False,False
ENSMUSG00000024896,10090.ENSMUSP00000025827,Minpp1,2.2891030000000003,protein_coding,1.2495693276345565,MM,True,False,True
ENSMUSG00000037204,10090.ENSMUSP00000045474,Atg101,6.236544666666667,protein_coding,2.2479987858801533,MM,True,False,True
ENSMUSG00000056121,10090.ENSMUSP00000068987,Fez2,2.188304666666667,protein_coding,1.2120859732037785,MM,True,False,True
ENSMUSG00000040111,10090.ENSMUSP00000130050,Gramd1b,60.76647466666667,protein_coding,5.231434238953182,MM,True,False,False
ENSMUSG00000005625,10090.ENSMUSP00000071589,Psmd4,220.127482,protein_coding,7.059322372683278,MM,True,False,True
ENSMUSG00000039637,10090.ENSMUSP00000048489,Coro7,5.472789666666666,protein_coding,2.101181538699561,MM,True,False,False
ENSMUSG00000035673,10090.ENSMUSP00000041635,Sbno2,2.795942333333333,protein_coding,1.4224752239180092,MM,True,False,False
ENSMUSG00000047187,10090.ENSMUSP00000057664,Rab2a,129.97107433333332,protein_coding,6.30745519901685,MM,True,False,True
ENSMUSG00000055809,10090.ENSMUSP00000092498,Dnaaf3,52.20274733333333,protein_coding,5.01691047960774,MM,True,True,True
ENSMUSG00000027942,10090.ENSMUSP00000124028,4933434E20Rik,19.982453666666668,protein_coding,3.703423600884693,MM,True,False,True
ENSMUSG00000033487,10090.ENSMUSP00000086411,Fndc3a,65.88557933333334,protein_coding,5.344939735950914,MM,True,False,True
ENSMUSG00000048875,10090.ENSMUSP00000057378,Pudp,87.24482466666667,protein_coding,5.741216645856965,MM,True,False,True
ENSMUSG00000015542,10090.ENSMUSP00000099329,Nat9,94.948415,protein_coding,5.860128745935372,MM,True,True,True
ENSMUSG00000024570,10090.ENSMUSP00000025462,Rbfa,15.418429999999999,protein_coding,3.360596512553628,MM,True,False,False
ENSMUSG00000027673,10090.ENSMUSP00000114963,Ndufb5,243.92940266666665,protein_coding,7.206958593479627,MM,True,False,True
ENSMUSG00000018974,10090.ENSMUSP00000019118,Sart3,9.065121333333334,protein_coding,2.6892249735346496,MM,True,False,False
ENSMUSG00000039218,10090.ENSMUSP00000085993,Srrm2,110.35219333333332,protein_coding,6.074445044508607,MM,True,False,True
ENSMUSG00000052102,10090.ENSMUSP00000069081,Gnpda1,25.56023733333333,protein_coding,4.033385439583694,MM,True,False,True
ENSMUSG00000043510,10090.ENSMUSP00000062811,Hscb,36.338889,protein_coding,4.515168976011573,MM,True,False,True
ENSMUSG00000041870,10090.ENSMUSP00000099638,Ankrd13a,237.38794933333332,protein_coding,7.168077005075954,MM,True,False,False
ENSMUSG00000024792,10090.ENSMUSP00000025707,Zfpl1,14.841146666666667,protein_coding,3.3098226257886414,MM,True,False,True
ENSMUSG00000042396,10090.ENSMUSP00000126374,Rbm7,20.22294,protein_coding,3.7187884436252285,MM,True,False,True
ENSMUSG00000039844,10090.ENSMUSP00000092703,Rapgef1,30.536358,protein_coding,4.274478036860034,MM,True,False,True
ENSMUSG00000001774,10090.ENSMUSP00000001825,Chordc1,12.586111333333335,protein_coding,3.099994217395332,MM,True,False,True
ENSMUSG00000057554,10090.ENSMUSP00000097408,Lgals8,99.364886,protein_coding,5.925553284728065,MM,True,False,False
ENSMUSG00000004054,10090.ENSMUSP00000004156,Map3k11,14.510268000000002,protein_coding,3.28106055418206,MM,True,False,False
ENSMUSG00000021936,10090.ENSMUSP00000107576,Mapk8,28.677598666666665,protein_coding,4.189461454700967,MM,True,False,False
ENSMUSG00000039648,10090.ENSMUSP00000109291,Kyat1,8.944149666666666,protein_coding,2.672858575756056,MM,True,False,True
ENSMUSG00000031667,10090.ENSMUSP00000113769,Aktip,41.211721999999995,protein_coding,4.689025376651381,MM,True,False,True
ENSMUSG00000002372,10090.ENSMUSP00000002445,Ranbp3,101.42084533333332,protein_coding,5.953528692301721,MM,True,False,True
ENSMUSG00000036435,10090.ENSMUSP00000109121,Exoc1,18.685214000000002,protein_coding,3.614096558574081,MM,True,False,True
ENSMUSG00000036292,10090.ENSMUSP00000036739,Gramd1c,120.807846,protein_coding,6.203335159388115,MM,True,False,False
ENSMUSG00000034761,10090.ENSMUSP00000106199,Map4k5,10.630193666666667,protein_coding,2.8865728426864767,MM,True,False,False
ENSMUSG00000021076,10090.ENSMUSP00000021479,Actr10,138.89847799999998,protein_coding,6.401861602816525,MM,True,False,True
ENSMUSG00000035561,10090.ENSMUSP00000041260,Aldh1b1,4.085553666666667,protein_coding,1.7894098689242424,MM,True,False,True
ENSMUSG00000054277,10090.ENSMUSP00000064893,Arfgap3,88.18748000000002,protein_coding,5.755825972772471,MM,True,True,True
ENSMUSG00000021945,10090.ENSMUSP00000022511,Zmym2,41.075461,protein_coding,4.6846045610936935,MM,True,True,False
ENSMUSG00000090877,10090.ENSMUSP00000133815,Hspa1b,2.2996086666666664,protein_coding,1.2518178437843475,MM,True,False,True
ENSMUSG00000041609,10090.ENSMUSP00000053547,Bicdl1,7.219273999999999,protein_coding,2.4182426703558932,MM,True,False,True
ENSMUSG00000058587,10090.ENSMUSP00000072087,Tmod3,11.436073666666665,protein_coding,2.978369792250252,MM,True,True,True
ENSMUSG00000025940,10090.ENSMUSP00000135483,Tmem70,28.24792066666667,protein_coding,4.169443622045503,MM,True,True,False
ENSMUSG00000041763,10090.ENSMUSP00000085244,Tpp2,143.80942766666666,protein_coding,6.451696006700709,MM,True,False,True
ENSMUSG00000001054,10090.ENSMUSP00000001081,Rmnd5b,62.286766,protein_coding,5.265207030732527,MM,True,False,True
ENSMUSG00000029250,10090.ENSMUSP00000031167,Polr2b,41.11717866666665,protein_coding,4.685617458341223,MM,True,False,True
ENSMUSG00000038250,10090.ENSMUSP00000039943,Usp38,3.6239470000000003,protein_coding,1.6689466135586728,MM,True,False,True
ENSMUSG00000021519,10090.ENSMUSP00000021991,Mterf3,139.845052,protein_coding,6.411753368663762,MM,True,False,True
ENSMUSG00000003808,10090.ENSMUSP00000003906,Farsa,52.50599266666666,protein_coding,5.025676148726258,MM,True,False,True
ENSMUSG00000029577,10090.ENSMUSP00000073652,Ube3b,41.44848133333333,protein_coding,4.696321369367822,MM,True,False,True
ENSMUSG00000020738,10090.ENSMUSP00000115044,Sumo2,106.11528799999999,protein_coding,6.018408794776189,MM,True,True,True
ENSMUSG00000066629,10090.ENSMUSP00000082867,Rpl36-ps3,22.38606533333333,processed_pseudogene,3.852978451393012,MM,True,False,True
ENSMUSG00000030967,10090.ENSMUSP00000101763,Zranb1,86.847954,protein_coding,5.734474516284131,MM,True,False,False
ENSMUSG00000038836,10090.ENSMUSP00000110669,Agbl3,25.63996,protein_coding,4.038149873572914,MM,True,False,False
ENSMUSG00000022108,10090.ENSMUSP00000022704,Itm2b,229.85723366666664,protein_coding,7.121621885964282,MM,True,False,False
ENSMUSG00000090451,10090.ENSMUSP00000128489,Gm6133,3.104661333333334,protein_coding,1.519497957146992,MM,True,False,True
ENSMUSG00000028152,10090.ENSMUSP00000029800,Tspan5,30.95982566666667,protein_coding,4.2942894117047405,MM,True,False,True
ENSMUSG00000054693,10090.ENSMUSP00000063839,Adam10,3.2953999999999994,protein_coding,1.5766875606924162,MM,True,False,True
ENSMUSG00000008429,10090.ENSMUSP00000008573,Herpud2,16.793765000000004,protein_coding,3.472885302645992,MM,True,False,True
ENSMUSG00000025246,10090.ENSMUSP00000085549,Tbl1x,1.0944266666666669,protein_coding,0.7302611285484627,MM,True,False,False
ENSMUSG00000020143,10090.ENSMUSP00000090884,Dock2,4.7626653333333335,protein_coding,1.9504258605510987,MM,True,False,True
ENSMUSG00000018286,10090.ENSMUSP00000018430,Psmb6,202.49407466666665,protein_coding,6.939740579496213,MM,True,True,True
ENSMUSG00000050435,10090.ENSMUSP00000060423,Ube2dnl1,3.0070416666666664,protein_coding,1.4901102087958529,MM,True,False,False
ENSMUSG00000020034,10090.ENSMUSP00000020223,Tcp11l2,7.980391,protein_coding,2.537041802304091,MM,True,False,False
ENSMUSG00000017418,10090.ENSMUSP00000069725,Arl5b,7.444938333333332,protein_coding,2.4549745074436955,MM,True,False,True
ENSMUSG00000026784,10090.ENSMUSP00000055689,Pdss1,2.0816296666666667,protein_coding,1.1718417639146326,MM,True,False,True
ENSMUSG00000018765,10090.ENSMUSP00000018909,Fxr2,49.432369,protein_coding,4.9412618587740775,MM,True,False,True
ENSMUSG00000035713,10090.ENSMUSP00000137726,Usp35,1.2460193333333331,protein_coding,0.8070517868547433,MM,True,False,True
ENSMUSG00000078566,10090.ENSMUSP00000101718,Bnip3,7.606718333333332,protein_coding,2.47951134539759,MM,True,False,True
ENSMUSG00000070366,10090.ENSMUSP00000091557,Plpp4,2.985106666666667,protein_coding,1.4825831193984742,MM,True,False,True
ENSMUSG00000020265,10090.ENSMUSP00000020501,Sumo3,33.38613,protein_coding,4.398397027312389,MM,True,False,True
ENSMUSG00000001289,10090.ENSMUSP00000129178,Pfdn5,580.3469643333334,protein_coding,8.451617198060818,MM,True,False,True
ENSMUSG00000024068,10090.ENSMUSP00000024869,Spast,65.55012533333334,protein_coding,5.337722103754646,MM,True,True,True
ENSMUSG00000027950,10090.ENSMUSP00000029562,Chrnb2,1.758878333333333,protein_coding,1.0411962469416756,MM,True,False,False
ENSMUSG00000022914,10090.ENSMUSP00000023631,Brwd1,20.078706,protein_coding,3.709308981805113,MM,True,False,True
ENSMUSG00000026764,10090.ENSMUSP00000028102,Kif5c,2.7957753333333337,protein_coding,1.4231274096311521,MM,True,False,True
ENSMUSG00000029474,10090.ENSMUSP00000031434,Rnf34,32.43263099999999,protein_coding,4.358155745846234,MM,True,True,True
ENSMUSG00000028437,10090.ENSMUSP00000072643,Ubap1,40.74579233333333,protein_coding,4.673012126054276,MM,True,False,True
ENSMUSG00000063558,10090.ENSMUSP00000001027,Aox1,3.151743666666667,protein_coding,1.5339966730409647,MM,True,False,False
ENSMUSG00000037926,10090.ENSMUSP00000042625,Ssh2,111.45338966666668,protein_coding,6.088498084318971,MM,True,False,False
ENSMUSG00000052423,10090.ENSMUSP00000106945,B4galt3,5.095255000000001,protein_coding,2.0230498467839597,MM,True,False,False
ENSMUSG00000052595,10090.ENSMUSP00000075235,A1cf,2.3917113333333333,protein_coding,1.2870459051907437,MM,True,False,False
ENSMUSG00000006599,10090.ENSMUSP00000006774,Gtf2h1,198.558085,protein_coding,6.912283752142975,MM,True,False,True
ENSMUSG00000063882,10090.ENSMUSP00000077744,Uqcrh,432.8584493333333,protein_coding,8.029903398121627,MM,True,False,True
ENSMUSG00000064367,10090.ENSMUSP00000081001,mt-Nd5,377.0326233333333,protein_coding,7.831998212110194,MM,True,False,True
ENSMUSG00000011257,10090.ENSMUSP00000079070,Pabpc4,1.2063696666666666,protein_coding,0.787113409188995,MM,True,False,True
ENSMUSG00000033128,10090.ENSMUSP00000035992,Gga1,40.582086,protein_coding,4.666657474194743,MM,True,False,False
ENSMUSG00000037376,10090.ENSMUSP00000044687,Trmt6,4.835938333333334,protein_coding,1.9671437629539772,MM,True,False,False
ENSMUSG00000015165,10090.ENSMUSP00000134734,Hnrnpl,241.66394566666668,protein_coding,7.193233066257701,MM,True,False,True
ENSMUSG00000018474,10090.ENSMUSP00000104301,Chd3,14.469173999999999,protein_coding,3.277789747194193,MM,True,False,True
ENSMUSG00000057406,10090.ENSMUSP00000058940,Nsd2,42.115982,protein_coding,4.7188621120231256,MM,True,False,True
ENSMUSG00000024978,10090.ENSMUSP00000057635,Gpam,1.5152386666666666,protein_coding,0.9350239189302403,MM,True,False,True
ENSMUSG00000010044,10090.ENSMUSP00000010188,Zmynd10,434.508982,protein_coding,8.034875878590029,MM,True,True,True
ENSMUSG00000025236,10090.ENSMUSP00000026266,Adpgk,1.3765763333333334,protein_coding,0.8703192102630807,MM,True,False,True
ENSMUSG00000011114,10090.ENSMUSP00000112600,Tbrg1,93.21905799999999,protein_coding,5.834483842982322,MM,True,False,False
ENSMUSG00000001211,10090.ENSMUSP00000101028,Agpat3,124.00121033333336,protein_coding,6.23969621711957,MM,True,False,True
ENSMUSG00000051768,10090.ENSMUSP00000070995,Xrcc1,74.1774256666667,protein_coding,5.510508042258318,MM,True,False,True
ENSMUSG00000040824,10090.ENSMUSP00000037597,Snrpd2,101.51836166666668,protein_coding,5.955100309905442,MM,True,False,True
ENSMUSG00000027296,10090.ENSMUSP00000028758,Itpka,1.5642576666666663,protein_coding,0.956024179014229,MM,True,False,True
ENSMUSG00000029426,10090.ENSMUSP00000031377,Scarb2,1.357132,protein_coding,0.8612071648689996,MM,True,True,True
ENSMUSG00000028016,10090.ENSMUSP00000029650,Ints12,5.320162,protein_coding,2.0701549281562137,MM,True,False,True
ENSMUSG00000002728,10090.ENSMUSP00000002805,Naa20,26.786669,protein_coding,4.097424633135341,MM,True,False,True
ENSMUSG00000095595,10090.ENSMUSP00000137299,Fam177a,72.13743866666665,protein_coding,5.4723606852279305,MM,True,False,False
ENSMUSG00000026458,10090.ENSMUSP00000128314,Ppfia4,1.6482090000000005,protein_coding,0.9938796270444246,MM,True,False,True
ENSMUSG00000024194,10090.ENSMUSP00000025027,Cuta,6.6976650000000015,protein_coding,2.329343979237813,MM,True,False,True
ENSMUSG00000006699,10090.ENSMUSP00000054634,Cdc42,29.12518933333334,protein_coding,4.211100346833694,MM,True,False,True
ENSMUSG00000027184,10090.ENSMUSP00000028607,Caprin1,125.46911100000001,protein_coding,6.256789701190254,MM,True,False,True
ENSMUSG00000062078,10090.ENSMUSP00000095025,Qk,51.872514,protein_coding,5.009532319978434,MM,True,False,True
ENSMUSG00000033918,10090.ENSMUSP00000045361,Parl,64.84060033333334,protein_coding,5.322042339788579,MM,True,True,True
ENSMUSG00000030528,10090.ENSMUSP00000127995,Blm,19.593560666666665,protein_coding,3.6768714893232097,MM,True,True,True
ENSMUSG00000029918,10090.ENSMUSP00000031978,Mrps33,10.862000666666667,protein_coding,2.9135094779866186,MM,True,False,True
ENSMUSG00000038299,10090.ENSMUSP00000052465,Wdr36,14.177426,protein_coding,3.2523842703042893,MM,True,False,True
ENSMUSG00000025027,10090.ENSMUSP00000138250,Xpnpep1,24.62134633333333,protein_coding,3.9822854881761365,MM,True,False,False
ENSMUSG00000063328,10090.ENSMUSP00000084807,Gm9396,9.107794666666667,processed_pseudogene,2.69546465368343,MM,True,False,True
ENSMUSG00000021460,10090.ENSMUSP00000021913,Auh,3.964058,protein_coding,1.7593802829242893,MM,True,False,True
ENSMUSG00000048230,10090.ENSMUSP00000054125,Fbxo43,45.602909333333336,protein_coding,4.8296084648858155,MM,True,True,False
ENSMUSG00000041530,10090.ENSMUSP00000095498,Ago1,1.0040576666666663,protein_coding,0.6815799977729641,MM,True,False,True
ENSMUSG00000001285,10090.ENSMUSP00000109312,Myg1,30.899650666666666,protein_coding,4.291179001606864,MM,True,False,True
ENSMUSG00000026277,10090.ENSMUSP00000027498,Stk25,201.36604333333332,protein_coding,6.932105691717581,MM,True,True,True
ENSMUSG00000036580,10090.ENSMUSP00000113621,Spg20,7.249463666666666,protein_coding,2.4223777115284215,MM,True,False,True
ENSMUSG00000031935,10090.ENSMUSP00000034411,Med17,6.0447440000000014,protein_coding,2.2127697770529045,MM,True,True,True
ENSMUSG00000067851,10090.ENSMUSP00000085986,Arfgef1,33.65050633333334,protein_coding,4.409234211340406,MM,True,False,True
ENSMUSG00000037260,10090.ENSMUSP00000040356,Hgsnat,2.0304593333333334,protein_coding,1.1511379384118965,MM,True,False,True
ENSMUSG00000002102,10090.ENSMUSP00000071054,Psmc3,921.0528563333335,protein_coding,9.116056152562733,MM,True,True,True
ENSMUSG00000033068,10090.ENSMUSP00000092038,Entpd6,108.02646366666666,protein_coding,6.043613752783686,MM,True,False,True
ENSMUSG00000052298,10090.ENSMUSP00000070725,Cdc42se2,12.567739,protein_coding,3.097622257242441,MM,True,False,True
ENSMUSG00000026748,10090.ENSMUSP00000028081,Plxdc2,1.1188079999999998,protein_coding,0.7425003948325397,MM,True,False,False
ENSMUSG00000018398,10090.ENSMUSP00000112920,Sept8,1.2365123333333334,protein_coding,0.801926509164196,MM,True,False,True
ENSMUSG00000021420,10090.ENSMUSP00000021857,Fars2,71.85642999999997,protein_coding,5.466412254929802,MM,True,False,True
ENSMUSG00000033323,10090.ENSMUSP00000038938,Ctdp1,25.14969633333333,protein_coding,4.010968904138561,MM,True,False,True
ENSMUSG00000063953,10090.ENSMUSP00000079703,Amd2,17.828099666666674,protein_coding,3.551640123027444,MM,True,False,True
ENSMUSG00000029090,10090.ENSMUSP00000030971,Adgra3,1.96908,protein_coding,1.1271245602599116,MM,True,False,False
ENSMUSG00000021595,10090.ENSMUSP00000105321,Nsun2,168.37402366666666,protein_coding,6.677307581509168,MM,True,True,True
ENSMUSG00000063704,10090.ENSMUSP00000087098,Mapk15,51.95440033333333,protein_coding,5.01038547506274,MM,True,False,True
ENSMUSG00000039187,10090.ENSMUSP00000044931,Fanci,19.515364333333334,protein_coding,3.671376300527344,MM,True,False,True
ENSMUSG00000068039,10090.ENSMUSP00000116108,Tcp1,2948.3042806666667,protein_coding,10.792883607791225,MM,True,False,True
ENSMUSG00000041477,10090.ENSMUSP00000108397,Dcp1b,49.67324566666666,protein_coding,4.947983801465164,MM,True,False,False
ENSMUSG00000021171,10090.ENSMUSP00000098548,Esyt2,16.462491,protein_coding,3.446896388548911,MM,True,False,False
ENSMUSG00000039716,10090.ENSMUSP00000047652,Dock3,3.812737333333333,protein_coding,1.719556864305408,MM,True,False,False
ENSMUSG00000026159,10090.ENSMUSP00000140785,Agfg1,38.619549000000006,protein_coding,4.598293040973779,MM,True,False,False
ENSMUSG00000030588,10090.ENSMUSP00000032809,Yif1b,81.497472,protein_coding,5.643736604635693,MM,True,True,True
ENSMUSG00000021131,10090.ENSMUSP00000021559,Erh,217.14141366666664,protein_coding,7.040235702296966,MM,True,False,True
ENSMUSG00000038024,10090.ENSMUSP00000080685,Dennd4c,10.995656333333335,protein_coding,2.9291190350979086,MM,True,False,True
ENSMUSG00000075227,10090.ENSMUSP00000134031,Znhit2,243.40097033333336,protein_coding,7.202170740457415,MM,True,False,True
ENSMUSG00000020189,10090.ENSMUSP00000100911,Osbpl8,19.636609333333336,protein_coding,3.6798547856045993,MM,True,False,False
ENSMUSG00000028488,10090.ENSMUSP00000030212,Sh3gl2,1.39384,protein_coding,0.8779648574656953,MM,True,False,True
ENSMUSG00000020124,10090.ENSMUSP00000020334,Usp15,181.953883,protein_coding,6.788666467591867,MM,True,False,False
ENSMUSG00000022554,10090.ENSMUSP00000023213,Hgh1,35.17800133333333,protein_coding,4.469470946448015,MM,True,False,True
ENSMUSG00000030682,10090.ENSMUSP00000032920,Cdipt,5.656075333333333,protein_coding,2.1388438422761307,MM,True,False,True
ENSMUSG00000020459,10090.ENSMUSP00000090926,Mtif2,43.01300066666667,protein_coding,4.748415020938388,MM,True,False,False
ENSMUSG00000071172,10090.ENSMUSP00000117045,Srsf3,115.216545,protein_coding,6.135666600508186,MM,True,False,True
ENSMUSG00000021996,10090.ENSMUSP00000022573,Esd,3.5837996666666663,protein_coding,1.6574666884836806,MM,True,False,True
ENSMUSG00000090626,10090.ENSMUSP00000139026,Tex9,80.11370333333333,protein_coding,5.620183455202015,MM,True,False,True
ENSMUSG00000017756,10090.ENSMUSP00000017900,Slc12a7,8.787421666666667,protein_coding,2.6515156523694454,MM,True,False,True
ENSMUSG00000024122,10090.ENSMUSP00000099991,Pdpk1,16.235637,protein_coding,3.428512444026284,MM,True,False,True
ENSMUSG00000027709,10090.ENSMUSP00000029259,Mccc1,7.1280280000000005,protein_coding,2.402338080009111,MM,True,True,True
ENSMUSG00000040242,10090.ENSMUSP00000107292,Fgfr1op2,410.23033666666674,protein_coding,7.952675286418376,MM,True,False,True
ENSMUSG00000040462,10090.ENSMUSP00000128914,Os9,31.172231,protein_coding,4.302978069940377,MM,True,False,True
ENSMUSG00000011179,10090.ENSMUSP00000128661,Odc1,278.94975800000003,protein_coding,7.399062611267605,MM,True,False,True
ENSMUSG00000020744,10090.ENSMUSP00000021089,Slc25a19,32.45928933333334,protein_coding,4.358512332156529,MM,True,False,False
ENSMUSG00000071047,10090.ENSMUSP00000092836,Ces1a,1.055919,protein_coding,0.7093406365198733,MM,True,False,False
ENSMUSG00000096449,10090.ENSMUSP00000137467,Gm4076,1.6897653333333336,processed_pseudogene,1.0117553864355817,MM,True,False,True
ENSMUSG00000006127,10090.ENSMUSP00000006286,Inpp5k,107.94016533333333,protein_coding,6.0427052654755835,MM,True,False,True
ENSMUSG00000028826,10090.ENSMUSP00000030628,Maco1,73.77486166666667,protein_coding,5.504153453529487,MM,True,False,True
ENSMUSG00000025351,10090.ENSMUSP00000100862,Cd63,43.41167333333334,protein_coding,4.760905079510053,MM,True,False,True
ENSMUSG00000029432,10090.ENSMUSP00000083211,Nipsnap2,5.568807666666667,protein_coding,2.1206813866880667,MM,True,True,False
ENSMUSG00000005698,10090.ENSMUSP00000005841,Ctcf,16.30182466666667,protein_coding,3.433963912398621,MM,True,False,False
ENSMUSG00000040929,10090.ENSMUSP00000133461,Rfx3,2.968347333333333,protein_coding,1.478114645662636,MM,True,False,True
ENSMUSG00000037852,10090.ENSMUSP00000048555,Cpe,41.57979699999999,protein_coding,4.701442819223035,MM,True,False,False
ENSMUSG00000042743,10090.ENSMUSP00000041307,Sgtb,2.29864,protein_coding,1.2524865082498846,MM,True,False,True
ENSMUSG00000021785,10090.ENSMUSP00000022310,Ngly1,68.49603266666666,protein_coding,5.399557390359773,MM,True,False,True
ENSMUSG00000029625,10090.ENSMUSP00000069243,Cpsf4,23.74465666666667,protein_coding,3.933631773697858,MM,True,True,True
ENSMUSG00000028975,10090.ENSMUSP00000099506,Pex14,18.679569333333333,protein_coding,3.6122423165266646,MM,True,False,True
ENSMUSG00000031753,10090.ENSMUSP00000034203,Cog4,106.582662,protein_coding,6.024727278418859,MM,True,True,True
ENSMUSG00000030447,10090.ENSMUSP00000032629,Cyfip1,1.0923703333333332,protein_coding,0.728622359081462,MM,True,True,True
ENSMUSG00000062825,10090.ENSMUSP00000071486,Actg1,569.5934853333333,protein_coding,8.424481859417261,MM,True,False,True
ENSMUSG00000030045,10090.ENSMUSP00000032124,Mrpl19,4.038294333333334,protein_coding,1.7778313794095504,MM,True,False,True
ENSMUSG00000023010,10090.ENSMUSP00000023749,Tmbim6,87.29300166666668,protein_coding,5.741435992843925,MM,True,False,True
ENSMUSG00000020721,10090.ENSMUSP00000074533,Helz,6.489141666666666,protein_coding,2.2938904317345776,MM,True,False,False
ENSMUSG00000015757,10090.ENSMUSP00000015901,Ppil4,25.278831666666665,protein_coding,4.018886795740896,MM,True,False,True
ENSMUSG00000024583,10090.ENSMUSP00000025476,Txnl1,41.420543,protein_coding,4.694041031838309,MM,True,False,True
ENSMUSG00000023068,10090.ENSMUSP00000023830,Nus1,18.133129333333333,protein_coding,3.574309236374225,MM,True,False,True
ENSMUSG00000071644,10090.ENSMUSP00000093955,Eef1g,86.60766866666668,protein_coding,5.7302087221815965,MM,True,False,True
ENSMUSG00000074780,10090.ENSMUSP00000096931,Anapc15-ps,6.790131333333334,protein_coding,2.3458904370193827,MM,True,False,False
ENSMUSG00000002718,10090.ENSMUSP00000002790,Cse1l,32.06812933333334,protein_coding,4.343013028917889,MM,True,False,True
ENSMUSG00000025393,10090.ENSMUSP00000026459,Atp5b,450.8708903333333,protein_coding,8.08827987007681,MM,True,False,True
ENSMUSG00000020130,10090.ENSMUSP00000020339,Tbc1d15,129.061793,protein_coding,6.297460722632942,MM,True,False,True
ENSMUSG00000026192,10090.ENSMUSP00000027384,Atic,1.7827313333333332,protein_coding,1.0514936844065441,MM,True,False,True
ENSMUSG00000032171,10090.ENSMUSP00000034689,Pin1,13.122484666666667,protein_coding,3.152240811968118,MM,True,False,False
ENSMUSG00000033502,10090.ENSMUSP00000087950,Cdc14a,38.449642333333344,protein_coding,4.592881361422986,MM,True,False,True
ENSMUSG00000033373,10090.ENSMUSP00000035498,Fntb,2.1293596666666668,protein_coding,1.1898020025949194,MM,True,False,True
ENSMUSG00000021504,10090.ENSMUSP00000068532,B4galt7,3.472843333333333,protein_coding,1.6267657212144324,MM,True,False,False
ENSMUSG00000005881,10090.ENSMUSP00000006035,Ergic3,171.10168966666666,protein_coding,6.698986113574121,MM,True,False,True
ENSMUSG00000038690,10090.ENSMUSP00000125504,Atp5j2,121.351013,protein_coding,6.208648994914997,MM,True,False,True
ENSMUSG00000037710,10090.ENSMUSP00000043559,Cisd1,85.44737766666667,protein_coding,5.7111419079424355,MM,True,True,False
ENSMUSG00000054408,10090.ENSMUSP00000136527,Spcs3,26.795471999999997,protein_coding,4.09767309858336,MM,True,False,False
ENSMUSG00000032913,10090.ENSMUSP00000035999,Lrig2,11.312451333333335,protein_coding,2.9644164385791743,MM,True,False,False
ENSMUSG00000040048,10090.ENSMUSP00000043543,Ndufb10,362.5894166666667,protein_coding,7.77521125717165,MM,True,True,True
ENSMUSG00000041566,10090.ENSMUSP00000040302,Tssk1,31.99304333333333,protein_coding,4.339080550359105,MM,True,False,False
ENSMUSG00000043091,10090.ENSMUSP00000051033,Tuba1c,6.814152666666668,protein_coding,2.349556737170778,MM,True,False,True
ENSMUSG00000079109,10090.ENSMUSP00000119875,Pms2,1.5157643333333333,protein_coding,0.935376012486652,MM,True,False,True
ENSMUSG00000075296,10090.ENSMUSP00000115356,Aldh3b2,8.197445,protein_coding,2.5679983685062884,MM,True,False,True
ENSMUSG00000039515,10090.ENSMUSP00000046837,Ptpa,87.47821333333331,protein_coding,5.743961347433295,MM,True,False,False
ENSMUSG00000020994,10090.ENSMUSP00000021381,Pnn,92.22838333333334,protein_coding,5.819805456073999,MM,True,True,True
ENSMUSG00000042660,10090.ENSMUSP00000039010,Wdr55,7.883657666666667,protein_coding,2.521751304368208,MM,True,False,True
ENSMUSG00000030435,10090.ENSMUSP00000005041,U2af2,51.38719666666666,protein_coding,4.995303876722547,MM,True,True,True
ENSMUSG00000022110,10090.ENSMUSP00000123765,Sucla2,639.3377683333333,protein_coding,8.591130544791138,MM,True,False,True
ENSMUSG00000078681,10090.ENSMUSP00000032726,Tm2d3,19.911304,protein_coding,3.6975380948818164,MM,True,False,True
ENSMUSG00000010608,10090.ENSMUSP00000048470,Rbm25,248.23402400000003,protein_coding,7.232300293799253,MM,True,False,True
ENSMUSG00000056394,10090.ENSMUSP00000136972,Lig1,19.21412,protein_coding,3.651052992714166,MM,True,False,True
ENSMUSG00000031816,10090.ENSMUSP00000112116,Mthfsd,23.955414,protein_coding,3.9455026745052413,MM,True,False,False
ENSMUSG00000002870,10090.ENSMUSP00000061923,Mcm2,1.2454386666666668,protein_coding,0.8065995765513846,MM,True,False,True
ENSMUSG00000058835,10090.ENSMUSP00000118491,Abi1,7.120369999999999,protein_coding,2.4013067066750144,MM,True,False,True
ENSMUSG00000027257,10090.ENSMUSP00000106981,Pacsin3,1.3987246666666664,protein_coding,0.8795693310610022,MM,True,False,False
ENSMUSG00000063568,10090.ENSMUSP00000074129,Jazf1,12.039521666666667,protein_coding,3.043599981377334,MM,True,False,True
ENSMUSG00000021868,10090.ENSMUSP00000022419,Ppif,2.9502693333333334,protein_coding,1.4721220690761256,MM,True,False,False
ENSMUSG00000050553,10090.ENSMUSP00000052226,Gk2,697.1052656666667,protein_coding,8.715664499083495,MM,True,False,False
ENSMUSG00000024104,10090.ENSMUSP00000038983,Washc2,6.714113333333334,protein_coding,2.3332204826071616,MM,True,False,True
ENSMUSG00000063171,10090.ENSMUSP00000071658,Rps4l,63.99943266666667,transcribed_processed_pseudogene,5.302549914867988,MM,True,False,True
ENSMUSG00000024807,10090.ENSMUSP00000114843,Syvn1,24.318998999999998,protein_coding,3.9656573834724504,MM,True,True,True
ENSMUSG00000069117,10090.ENSMUSP00000126892,Gm10260,36.545424,protein_coding,4.5224574953413,MM,True,False,True
ENSMUSG00000042165,10090.ENSMUSP00000045065,Gm9774,32.31682166666666,protein_coding,4.3530350998092855,MM,True,False,True
ENSMUSG00000029472,10090.ENSMUSP00000083393,Anapc5,50.89360833333333,protein_coding,4.982608500505204,MM,True,False,True
ENSMUSG00000007029,10090.ENSMUSP00000084572,Vars,27.60600166666667,protein_coding,4.137180220007445,MM,True,False,True
ENSMUSG00000032199,10090.ENSMUSP00000034720,Polr2m,30.40300833333333,protein_coding,4.269644840180521,MM,True,False,True
ENSMUSG00000028069,10090.ENSMUSP00000132699,Gpatch4,15.864438,protein_coding,3.3980814362664447,MM,True,True,True
ENSMUSG00000032350,10090.ENSMUSP00000034905,Gclc,44.68903966666666,protein_coding,4.801324425408008,MM,True,False,True
ENSMUSG00000044791,10090.ENSMUSP00000116313,Setd2,38.381336,protein_coding,4.5895221189329805,MM,True,False,True
ENSMUSG00000023330,10090.ENSMUSP00000127662,Dtwd1,28.297694000000003,protein_coding,4.171945149483514,MM,True,False,False
ENSMUSG00000090145,10090.ENSMUSP00000108763,Ugt1a6b,17.843580333333332,protein_coding,3.5519502578218622,MM,True,False,False
ENSMUSG00000026869,10090.ENSMUSP00000028225,Psmd5,7.286488000000001,protein_coding,2.4283592346381253,MM,True,False,True
ENSMUSG00000020451,10090.ENSMUSP00000099162,Limk2,12.254113666666667,protein_coding,3.0652474446143225,MM,True,False,False
ENSMUSG00000029674,10090.ENSMUSP00000015137,Limk1,8.045394,protein_coding,2.545261423577869,MM,True,False,False
ENSMUSG00000038736,10090.ENSMUSP00000042746,Nudcd1,58.40399433333334,protein_coding,5.175510669075475,MM,True,False,False
ENSMUSG00000062248,10090.ENSMUSP00000075250,Cks2,164.74736566666667,protein_coding,6.645282305265631,MM,True,True,True
ENSMUSG00000040034,10090.ENSMUSP00000046732,Nup43,6.486396333333333,protein_coding,2.2937450889296533,MM,True,False,True
ENSMUSG00000040688,10090.ENSMUSP00000120911,Tbl3,59.186187666666676,protein_coding,5.1940011767323355,MM,True,False,True
ENSMUSG00000014294,10090.ENSMUSP00000014438,Ndufa2,625.6732993333333,protein_coding,8.55956754301974,MM,True,False,True
ENSMUSG00000028289,10090.ENSMUSP00000029964,Epha7,6.2978923333333325,protein_coding,2.259930677921526,MM,True,True,False
ENSMUSG00000027714,10090.ENSMUSP00000029269,Exosc9,83.06632733333333,protein_coding,5.671891049848951,MM,True,False,True
ENSMUSG00000041841,10090.ENSMUSP00000046506,Rpl37,154.371521,protein_coding,6.551709163825433,MM,True,False,True
ENSMUSG00000031758,10090.ENSMUSP00000104730,Cdyl2,3.5346686666666667,protein_coding,1.6442742414579579,MM,True,False,True
ENSMUSG00000052456,10090.ENSMUSP00000065337,Asna1,52.04308433333333,protein_coding,5.013098354016696,MM,True,False,True
ENSMUSG00000028041,10090.ENSMUSP00000029676,Adam15,2.8331536666666666,protein_coding,1.4338062522161323,MM,True,False,False
ENSMUSG00000021047,10090.ENSMUSP00000021438,Nova1,1.5089389999999998,protein_coding,0.9312319631405941,MM,True,False,True
ENSMUSG00000020038,10090.ENSMUSP00000020227,Cry1,44.44508633333334,protein_coding,4.793599806709617,MM,True,False,True
ENSMUSG00000074212,10090.ENSMUSP00000087641,Dnajb14,123.35364033333332,protein_coding,6.232113221757664,MM,True,True,False
ENSMUSG00000021701,10090.ENSMUSP00000022212,Plk2,8.912118,protein_coding,2.669431540442392,MM,True,False,True
ENSMUSG00000041733,10090.ENSMUSP00000048001,Coq5,29.61584933333333,protein_coding,4.233940274116885,MM,True,False,True
ENSMUSG00000097333,10090.ENSMUSP00000138087,Zfp87,2.5244416666666667,protein_coding,1.3329442823803563,MM,True,False,False
ENSMUSG00000030695,10090.ENSMUSP00000084846,Aldoa,112.86336266666666,protein_coding,6.105525337935795,MM,True,False,True
ENSMUSG00000025428,10090.ENSMUSP00000026495,Atp5a1,80.70140299999998,protein_coding,5.630523099222232,MM,True,False,True
ENSMUSG00000019763,10090.ENSMUSP00000043355,Rmnd1,13.434197000000005,protein_coding,3.183071405329727,MM,True,False,False
ENSMUSG00000026965,10090.ENSMUSP00000028341,Anapc2,22.695614000000006,protein_coding,3.8724345988314646,MM,True,False,True
ENSMUSG00000054027,10090.ENSMUSP00000096994,Nt5dc3,3.3967083333333328,protein_coding,1.6055708204217063,MM,True,False,False
ENSMUSG00000024614,10090.ENSMUSP00000025515,Tmx3,6.893903000000001,protein_coding,2.3631806109325217,MM,True,False,True
ENSMUSG00000030881,10090.ENSMUSP00000120387,Arfip2,5.1332786666666665,protein_coding,2.0309457545326697,MM,True,False,True
ENSMUSG00000032621,10090.ENSMUSP00000074196,Srek1,56.18417066666666,protein_coding,5.12088430874932,MM,True,True,False
ENSMUSG00000027742,10090.ENSMUSP00000048603,Cog6,208.01847866666665,protein_coding,6.979181088877548,MM,True,False,True
ENSMUSG00000021983,10090.ENSMUSP00000079238,Atp8a2,4.2636313333333336,protein_coding,1.8333077446671786,MM,True,False,True
ENSMUSG00000020963,10090.ENSMUSP00000021346,Tshr,8.106848333333332,protein_coding,2.555478423480127,MM,True,False,False
ENSMUSG00000027651,10090.ENSMUSP00000029180,Rprd1b,8.370018,protein_coding,2.5930385030872083,MM,True,False,True
ENSMUSG00000020471,10090.ENSMUSP00000099986,Pold2,18.209369666666664,protein_coding,3.578756563861379,MM,True,True,True
ENSMUSG00000021115,10090.ENSMUSP00000021539,Vrk1,30.03920433333333,protein_coding,4.252995697703518,MM,True,False,True
ENSMUSG00000025785,10090.ENSMUSP00000026891,Exosc7,12.557082666666664,protein_coding,3.096027907860818,MM,True,True,True
ENSMUSG00000003464,10090.ENSMUSP00000075289,Pex19,18.840186666666668,protein_coding,3.623956617910069,MM,True,True,True
ENSMUSG00000051786,10090.ENSMUSP00000104977,Tubgcp6,1.4515140000000002,protein_coding,0.9054849184157991,MM,True,True,True
ENSMUSG00000011832,10090.ENSMUSP00000135159,Evi5l,76.05220033333335,protein_coding,5.546456709123327,MM,True,True,True
ENSMUSG00000036270,10090.ENSMUSP00000039134,Edc4,54.29376966666666,protein_coding,5.072334566442543,MM,True,False,True
ENSMUSG00000029388,10090.ENSMUSP00000031334,Eif2b1,56.43047466666667,protein_coding,5.127205731312689,MM,True,True,True
ENSMUSG00000003402,10090.ENSMUSP00000110987,Prkcsh,53.81371066666666,protein_coding,5.060168799627106,MM,True,False,True
ENSMUSG00000051671,10090.ENSMUSP00000058279,Coa6,24.757987,protein_coding,3.9902102134180586,MM,True,False,False
ENSMUSG00000027829,10090.ENSMUSP00000029416,Ccnl1,64.95376566666665,protein_coding,5.324943912169768,MM,True,False,False
ENSMUSG00000037519,10090.ENSMUSP00000126233,Ppfia1,14.956730666666667,protein_coding,3.3213719249386635,MM,True,False,True
ENSMUSG00000037966,10090.ENSMUSP00000036740,Ninj1,2.306356,protein_coding,1.2546291123103275,MM,True,False,True
ENSMUSG00000031555,10090.ENSMUSP00000081048,Adam9,2.640302,protein_coding,1.3723412834273012,MM,True,False,False
ENSMUSG00000026407,10090.ENSMUSP00000107699,Cacna1s,2.435712,protein_coding,1.3012110725884944,MM,True,False,False
ENSMUSG00000022387,10090.ENSMUSP00000105007,Brd1,29.575516,protein_coding,4.231496564349898,MM,True,True,True
ENSMUSG00000028820,10090.ENSMUSP00000030623,Sfpq,187.56508900000003,protein_coding,6.830783006319906,MM,True,False,False
ENSMUSG00000021257,10090.ENSMUSP00000021682,Angel1,108.21910333333334,protein_coding,6.046145376733816,MM,True,False,True
ENSMUSG00000024892,10090.ENSMUSP00000063825,Pcx,5.036831333333333,protein_coding,2.0101273162062303,MM,True,True,True
ENSMUSG00000029012,10090.ENSMUSP00000030872,Orc5,58.00340166666667,protein_coding,5.165931670368029,MM,True,False,True
ENSMUSG00000032850,10090.ENSMUSP00000112903,Rnft2,1.230022333333333,protein_coding,0.7984653207050729,MM,True,False,False
ENSMUSG00000047079,10090.ENSMUSP00000059077,Ube2dnl2,2.015678,protein_coding,1.1452239810180622,MM,True,False,False
ENSMUSG00000027905,10090.ENSMUSP00000088176,Ddx20,156.56491066666666,protein_coding,6.572760896079616,MM,True,False,True
ENSMUSG00000034973,10090.ENSMUSP00000140740,Dop1a,15.213487999999998,protein_coding,3.343848096907271,MM,True,False,True
ENSMUSG00000024454,10090.ENSMUSP00000037981,Hdac3,57.00278466666666,protein_coding,5.141212407770908,MM,True,False,False
ENSMUSG00000038056,10090.ENSMUSP00000043874,Kmt2c,3.078362333333333,protein_coding,1.5119733073099084,MM,True,False,True
ENSMUSG00000021196,10090.ENSMUSP00000117030,Pfkp,140.94544966666663,protein_coding,6.422354784619222,MM,True,True,True
ENSMUSG00000029314,10090.ENSMUSP00000031255,Gpat3,9.05878,protein_coding,2.689152795986822,MM,True,False,True
ENSMUSG00000038838,10090.ENSMUSP00000047917,Vars2,3.517075666666667,protein_coding,1.6393260241429592,MM,True,False,False
ENSMUSG00000022476,10090.ENSMUSP00000023113,Polr3h,17.319114000000003,protein_coding,3.512933225318363,MM,True,False,True
ENSMUSG00000022139,10090.ENSMUSP00000085763,Mbnl2,3.747132333333333,protein_coding,1.7029227148823878,MM,True,False,True
ENSMUSG00000025982,10090.ENSMUSP00000027127,Sf3b1,124.93732433333332,protein_coding,6.251120230954665,MM,True,True,True
ENSMUSG00000074129,10090.ENSMUSP00000115722,Rpl13a,268.39883399999997,protein_coding,7.34374697270879,MM,True,False,True
ENSMUSG00000021413,10090.ENSMUSP00000077019,Prpf4b,35.81611233333333,protein_coding,4.495614563003434,MM,True,True,True
ENSMUSG00000059970,10090.ENSMUSP00000079306,Hspa2,1225.3746746666666,protein_coding,9.527425460395618,MM,True,True,True
ENSMUSG00000027198,10090.ENSMUSP00000028623,Ext2,6.342471333333332,protein_coding,2.267351816503076,MM,True,False,True
ENSMUSG00000034484,10090.ENSMUSP00000039243,Snx2,17.649472999999997,protein_coding,3.538565643273635,MM,True,False,True
ENSMUSG00000020897,10090.ENSMUSP00000021277,Aurkb,48.89524833333334,protein_coding,4.926530824081221,MM,True,False,False
ENSMUSG00000016319,10090.ENSMUSP00000016463,Slc25a5,10.640453666666666,protein_coding,2.8872677071909383,MM,True,False,False
ENSMUSG00000020219,10090.ENSMUSP00000020440,Timm13,26.960574,protein_coding,4.104912085303952,MM,True,False,True
ENSMUSG00000038671,10090.ENSMUSP00000104436,Arfrp1,33.783731,protein_coding,4.4141055103596925,MM,True,False,True
ENSMUSG00000056342,10090.ENSMUSP00000120747,Usp34,53.55249533333333,protein_coding,5.0540650973735595,MM,True,False,True
ENSMUSG00000028405,10090.ENSMUSP00000100038,Aco1,1.6592353333333334,protein_coding,0.9986013507503243,MM,True,False,True
ENSMUSG00000025544,10090.ENSMUSP00000026624,Tm9sf2,66.80828199999999,protein_coding,5.364520501343121,MM,True,False,False
ENSMUSG00000022013,10090.ENSMUSP00000022590,Dnajc15,275.1971946666667,protein_coding,7.379639952055689,MM,True,True,True
ENSMUSG00000035227,10090.ENSMUSP00000041152,Spcs2,99.171654,protein_coding,5.922827898582038,MM,True,False,False
ENSMUSG00000063447,10090.ENSMUSP00000072387,Ube2d2b,501.33908099999996,protein_coding,8.241413648896398,MM,True,False,False
ENSMUSG00000038975,10090.ENSMUSP00000129481,Rabggtb,17.598176000000002,protein_coding,3.5343348217933146,MM,True,False,True
ENSMUSG00000022247,10090.ENSMUSP00000022855,Brix1,40.06748433333333,protein_coding,4.650149961893026,MM,True,False,True
ENSMUSG00000033124,10090.ENSMUSP00000139608,Atg9a,42.36527766666666,protein_coding,4.7257735068236935,MM,True,False,True
ENSMUSG00000025337,10090.ENSMUSP00000026387,Sbds,236.5919286666667,protein_coding,7.163125857057206,MM,True,False,True
ENSMUSG00000008540,10090.ENSMUSP00000008684,Mgst1,21.784175,protein_coding,3.8180200634448753,MM,True,False,True
ENSMUSG00000027244,10090.ENSMUSP00000076081,Atg13,22.001395,protein_coding,3.83076304507961,MM,True,False,True
ENSMUSG00000027363,10090.ENSMUSP00000106046,Usp8,288.4935403333333,protein_coding,7.447451968862665,MM,True,True,True
ENSMUSG00000019774,10090.ENSMUSP00000019908,Mtrf1l,1.201458,protein_coding,0.7846229113777539,MM,True,False,False
ENSMUSG00000035329,10090.ENSMUSP00000035948,Fbxo33,12.072950666666665,protein_coding,3.0469564006771974,MM,True,False,True
ENSMUSG00000029780,10090.ENSMUSP00000031793,Nt5c3,4.812814,protein_coding,1.9624594416429206,MM,True,False,True
ENSMUSG00000071547,10090.ENSMUSP00000087680,Nt5dc2,3.2821903333333338,protein_coding,1.5716007702132955,MM,True,False,False
ENSMUSG00000027534,10090.ENSMUSP00000029047,Snx16,1.1811063333333334,protein_coding,0.7742755566007717,MM,True,False,False
ENSMUSG00000003604,10090.ENSMUSP00000003705,Aven,89.39050266666668,protein_coding,5.775483487010886,MM,True,False,False
ENSMUSG00000026255,10090.ENSMUSP00000027472,Efhd1,390.707021,protein_coding,7.882499797711484,MM,True,False,False
ENSMUSG00000020671,10090.ENSMUSP00000021001,Rab10,40.169508666666665,protein_coding,4.653548936765654,MM,True,False,True
ENSMUSG00000038954,10090.ENSMUSP00000050783,Supt3,99.963679,protein_coding,5.933617005801611,MM,True,False,True
ENSMUSG00000018567,10090.ENSMUSP00000018711,Gabarap,312.6246543333333,protein_coding,7.562709140716239,MM,True,False,True
ENSMUSG00000075053,10090.ENSMUSP00000137236,Vdac3-ps1,216.39801033333333,unprocessed_pseudogene,7.0355878015836195,MM,True,True,False
ENSMUSG00000040848,10090.ENSMUSP00000043537,Sft2d2,1.0055263333333333,protein_coding,0.6824189821486314,MM,True,False,False
ENSMUSG00000038991,10090.ENSMUSP00000041839,Txndc5,5.496249333333334,protein_coding,2.106216641607755,MM,True,False,True
ENSMUSG00000035764,10090.ENSMUSP00000040168,Fbxo45,8.278030666666666,protein_coding,2.580051472971146,MM,True,False,False
ENSMUSG00000026102,10090.ENSMUSP00000027271,Inpp1,4.099776666666666,protein_coding,1.7933066184089181,MM,True,False,True
ENSMUSG00000055923,10090.ENSMUSP00000113792,Aasdh,11.853697333333335,protein_coding,3.0222133846051866,MM,True,False,True
ENSMUSG00000049124,10090.ENSMUSP00000137416,Gm8186,91.16935466666666,processed_pseudogene,5.803322205352351,MM,True,False,True
ENSMUSG00000056629,10090.ENSMUSP00000066839,Fkbp2,31.970475000000004,protein_coding,4.3374709083623095,MM,True,False,True
ENSMUSG00000017417,10090.ENSMUSP00000103191,Plxdc1,24.82050633333333,protein_coding,3.9926693175983594,MM,True,False,False
ENSMUSG00000015804,10090.ENSMUSP00000115882,Med28,164.68940233333333,protein_coding,6.6453114426390805,MM,True,True,True
ENSMUSG00000027676,10090.ENSMUSP00000029222,Ccdc39,567.1513873333333,protein_coding,8.419008911336869,MM,True,False,True
ENSMUSG00000066415,10090.ENSMUSP00000082270,Msl2,10.627676,protein_coding,2.8868409980997316,MM,True,False,True
ENSMUSG00000028124,10090.ENSMUSP00000029769,Gclm,91.82806133333334,protein_coding,5.813819807906129,MM,True,False,True
ENSMUSG00000025534,10090.ENSMUSP00000026613,Gusb,1.2136656666666668,protein_coding,0.7910758335577938,MM,True,False,True
ENSMUSG00000021820,10090.ENSMUSP00000071720,Camk2g,19.500381,protein_coding,3.669717248912006,MM,True,False,False
ENSMUSG00000041278,10090.ENSMUSP00000040779,Ttc1,63.32719300000001,protein_coding,5.288958698902762,MM,True,False,False
ENSMUSG00000066568,10090.ENSMUSP00000082723,Lsm14a,11.590792666666667,protein_coding,2.9946945439319035,MM,True,False,False
ENSMUSG00000090862,10090.ENSMUSP00000126294,Rps13,210.00467433333333,protein_coding,6.992622635987349,MM,True,False,True
ENSMUSG00000025791,10090.ENSMUSP00000061227,Pgm1,1.8195826666666663,protein_coding,1.066240084161119,MM,True,False,True
ENSMUSG00000041740,10090.ENSMUSP00000107725,Rnf10,161.42067966666667,protein_coding,6.61566266992341,MM,True,True,True
ENSMUSG00000025609,10090.ENSMUSP00000026699,Mkln1,41.414143333333335,protein_coding,4.697703643602156,MM,True,False,True
ENSMUSG00000048087,10090.ENSMUSP00000127198,Gm4737,6.880016333333333,protein_coding,2.360945545396212,MM,True,False,True
ENSMUSG00000030095,10090.ENSMUSP00000032183,Tmem43,4.053725,protein_coding,1.7809414986854362,MM,True,True,False
ENSMUSG00000022021,10090.ENSMUSP00000022599,Diaph3,12.449890000000002,protein_coding,3.0860943477737774,MM,True,False,False
ENSMUSG00000026879,10090.ENSMUSP00000028239,Gsn,15.967801999999999,protein_coding,3.405995490048473,MM,True,False,True
ENSMUSG00000032112,10090.ENSMUSP00000034623,Trappc4,59.12664266666667,protein_coding,5.19245457138566,MM,True,False,True
ENSMUSG00000034227,10090.ENSMUSP00000038351,Foxj1,5.4563213333333325,protein_coding,2.0980172557703374,MM,True,True,True
ENSMUSG00000006800,10090.ENSMUSP00000104872,Sulf2,1.1128066666666667,protein_coding,0.7391873641067499,MM,True,False,True
ENSMUSG00000049327,10090.ENSMUSP00000052953,Kmt5a,29.624340666666665,protein_coding,4.23406475700471,MM,True,False,False
ENSMUSG00000095677,10090.ENSMUSP00000135978,Dynlt1f,371.5648396666666,protein_coding,7.81086757429121,MM,True,False,False
ENSMUSG00000032000,10090.ENSMUSP00000013949,Birc3,3.559435666666667,protein_coding,1.6510705250449849,MM,True,False,False
ENSMUSG00000031596,10090.ENSMUSP00000096414,Slc7a2,1.9659316666666664,protein_coding,1.1259975184552222,MM,True,True,False
ENSMUSG00000060098,10090.ENSMUSP00000071521,Prmt7,53.765961,protein_coding,5.0590268725120895,MM,True,False,False
ENSMUSG00000015839,10090.ENSMUSP00000099733,Nfe2l2,6.508431333333332,protein_coding,2.297414090049556,MM,True,False,False
ENSMUSG00000060739,10090.ENSMUSP00000073161,Nsa2,62.49797433333333,protein_coding,5.2703465632367665,MM,True,False,True
ENSMUSG00000038784,10090.ENSMUSP00000110645,Cnot4,84.62632233333333,protein_coding,5.698045364810766,MM,True,False,False
ENSMUSG00000021235,10090.ENSMUSP00000105905,Coq6,7.011021333333333,protein_coding,2.384199227623903,MM,True,False,True
ENSMUSG00000030246,10090.ENSMUSP00000032373,Ldhb,37.69582866666666,protein_coding,4.564981949713385,MM,True,True,True
ENSMUSG00000071052,10090.ENSMUSP00000092843,Rpl7a-ps5,18.952518333333334,processed_pseudogene,3.632003503214234,MM,True,False,True
ENSMUSG00000026516,10090.ENSMUSP00000027797,Nvl,12.555258333333333,protein_coding,3.0964245238353927,MM,True,False,False
ENSMUSG00000074479,10090.ENSMUSP00000136672,Gm10704,71.45120999999997,processed_pseudogene,5.459068221383822,MM,True,True,True
ENSMUSG00000037337,10090.ENSMUSP00000082995,Map4k1,51.098658,protein_coding,4.987444708614844,MM,True,True,False
ENSMUSG00000020698,10090.ENSMUSP00000021040,Cct6b,707.5640666666667,protein_coding,8.737037516356736,MM,True,False,True
ENSMUSG00000033938,10090.ENSMUSP00000037341,Ndufb7,137.36142999999998,protein_coding,6.385301447676617,MM,True,False,True
ENSMUSG00000021488,10090.ENSMUSP00000097089,Nsd1,4.9060549999999985,protein_coding,1.982397852462019,MM,True,False,False
ENSMUSG00000022507,10090.ENSMUSP00000023150,1810013L24Rik,108.79712933333332,protein_coding,6.054446138725705,MM,True,False,True
ENSMUSG00000038828,10090.ENSMUSP00000037484,Tmem214,55.387947,protein_coding,5.099681975447095,MM,True,False,True
ENSMUSG00000042275,10090.ENSMUSP00000104849,Pelo,11.770482,protein_coding,3.013819718030047,MM,True,False,True
ENSMUSG00000055723,10090.ENSMUSP00000069752,Rras2,1.5615543333333337,protein_coding,0.9555149203602296,MM,True,False,False
ENSMUSG00000029166,10090.ENSMUSP00000031058,Mapre3,113.387624,protein_coding,6.113018282807169,MM,True,False,True
ENSMUSG00000030089,10090.ENSMUSP00000037473,Slc41a3,33.861476333333336,protein_coding,4.416798383161607,MM,True,False,False
ENSMUSG00000020659,10090.ENSMUSP00000099038,Cbll1,36.152840999999995,protein_coding,4.507270904976281,MM,True,True,True
ENSMUSG00000037296,10090.ENSMUSP00000041022,Lsm1,14.833899333333333,protein_coding,3.310934528116349,MM,True,False,True
ENSMUSG00000060679,10090.ENSMUSP00000056855,Mrps9,52.46617233333333,protein_coding,5.024781722149206,MM,True,False,True
ENSMUSG00000022483,10090.ENSMUSP00000023123,Col2a1,14.395883333333336,protein_coding,3.2712693856254367,MM,True,True,True
ENSMUSG00000069049,10090.ENSMUSP00000088736,Eif2s3y,13.389056333333334,protein_coding,3.179114015650838,MM,True,False,True
ENSMUSG00000041632,10090.ENSMUSP00000062326,Mrps27,7.723555333333333,protein_coding,2.4972499113507487,MM,True,False,False
ENSMUSG00000037072,10090.ENSMUSP00000046910,Selenof,198.09350066666664,protein_coding,6.909168474959765,MM,True,False,True
ENSMUSG00000040997,10090.ENSMUSP00000044134,Abhd4,39.836183,protein_coding,4.64149919083196,MM,True,True,True
ENSMUSG00000031392,10090.ENSMUSP00000033769,Irak1,1.911255666666667,protein_coding,1.104020574323987,MM,True,True,True
ENSMUSG00000026608,10090.ENSMUSP00000082821,Kctd3,9.48415,protein_coding,2.74496332673959,MM,True,False,False
ENSMUSG00000064037,10090.ENSMUSP00000076217,Gpn1,11.112588666666667,protein_coding,2.9416524154237433,MM,True,False,True
ENSMUSG00000026260,10090.ENSMUSP00000027478,Ndufa10,24.96329366666667,protein_coding,4.001531239068713,MM,True,False,True
ENSMUSG00000005150,10090.ENSMUSP00000091048,Wdr83,18.860926666666668,protein_coding,3.625221073690156,MM,True,True,False
ENSMUSG00000020974,10090.ENSMUSP00000021359,Pole2,2.963006333333333,protein_coding,1.4767093352700513,MM,True,False,True
ENSMUSG00000064138,10090.ENSMUSP00000133140,Fam172a,9.553996666666668,protein_coding,2.753274914974003,MM,True,False,False
ENSMUSG00000061613,10090.ENSMUSP00000014684,U2af1,41.055079,protein_coding,4.683458717497889,MM,True,False,True
ENSMUSG00000027247,10090.ENSMUSP00000106963,Arhgap1,4.857990666666667,protein_coding,1.971639071378297,MM,True,False,False
ENSMUSG00000050017,10090.ENSMUSP00000083835,Pitpnb,34.061624,protein_coding,4.425816644428535,MM,True,False,False
ENSMUSG00000030225,10090.ENSMUSP00000084959,Dera,3.5692480000000004,protein_coding,1.6547462276048313,MM,True,False,True
ENSMUSG00000026626,10090.ENSMUSP00000070726,Ppp2r5a,2.692411,protein_coding,1.389466957658034,MM,True,False,True
ENSMUSG00000071054,10090.ENSMUSP00000092849,Safb,110.47235366666666,protein_coding,6.0750235406895206,MM,True,True,True
ENSMUSG00000031633,10090.ENSMUSP00000034049,Slc25a4,5.163335,protein_coding,2.0370881470027316,MM,True,False,False
ENSMUSG00000069633,10090.ENSMUSP00000004686,Pex11g,40.94553666666667,protein_coding,4.679514292145643,MM,True,True,False
ENSMUSG00000036880,10090.ENSMUSP00000037348,Acaa2,29.49798033333333,protein_coding,4.228210835188053,MM,True,False,True
ENSMUSG00000029176,10090.ENSMUSP00000031072,Anapc4,28.792078999999998,protein_coding,4.195794092688129,MM,True,False,True
ENSMUSG00000022805,10090.ENSMUSP00000023501,Maats1,60.67852033333335,protein_coding,5.228861252577741,MM,True,False,True
ENSMUSG00000024132,10090.ENSMUSP00000024946,Eci1,7.826963666666668,protein_coding,2.513426399785928,MM,True,False,False
ENSMUSG00000034826,10090.ENSMUSP00000046540,Nup54,39.85511499999999,protein_coding,4.642632592651104,MM,True,False,True
ENSMUSG00000043067,10090.ENSMUSP00000129575,Dpy19l1,37.37694833333333,protein_coding,4.553674159146757,MM,True,False,False
ENSMUSG00000071037,10090.ENSMUSP00000092811,Camkmt,11.355061666666666,protein_coding,2.9694535241565374,MM,True,True,True
ENSMUSG00000020385,10090.ENSMUSP00000090820,Clk4,72.97244533333334,protein_coding,5.488930176060075,MM,True,False,False
ENSMUSG00000033773,10090.ENSMUSP00000070209,Rpap2,52.085308000000005,protein_coding,5.01513567869059,MM,True,False,True
ENSMUSG00000067942,10090.ENSMUSP00000086191,Zfp160,4.197164,protein_coding,1.8187720447430897,MM,True,True,False
ENSMUSG00000029622,10090.ENSMUSP00000082822,Arpc1b,4.515470333333334,protein_coding,1.8929335456251848,MM,True,False,True
ENSMUSG00000038533,10090.ENSMUSP00000043087,Cbfa2t2,8.507654333333333,protein_coding,2.6128921993045204,MM,True,False,True
ENSMUSG00000030888,10090.ENSMUSP00000033179,Rrp8,3.03925,protein_coding,1.5001400287255613,MM,True,False,False
ENSMUSG00000038205,10090.ENSMUSP00000036410,Prkab2,9.267577,protein_coding,2.717201815994618,MM,True,True,True
ENSMUSG00000022472,10090.ENSMUSP00000121504,Desi1,55.13378533333333,protein_coding,5.094591828812609,MM,True,False,False
ENSMUSG00000045662,10090.ENSMUSP00000054829,Henmt1,41.242313,protein_coding,4.689820989972679,MM,True,True,True
ENSMUSG00000005198,10090.ENSMUSP00000050771,Polr2a,54.07234299999999,protein_coding,5.0669999540697575,MM,True,False,True
ENSMUSG00000026377,10090.ENSMUSP00000027626,Nifk,13.133409666666665,protein_coding,3.1539014044827374,MM,True,False,True
ENSMUSG00000035392,10090.ENSMUSP00000099848,Dennd1a,11.636649666666665,protein_coding,2.9995295446061783,MM,True,False,False
ENSMUSG00000032253,10090.ENSMUSP00000034787,Phip,2.006437,protein_coding,1.1423160567566102,MM,True,False,False
ENSMUSG00000036932,10090.ENSMUSP00000041104,Aifm1,3.804960333333333,protein_coding,1.7164897954242835,MM,True,False,False
ENSMUSG00000027284,10090.ENSMUSP00000106329,Cdan1,19.062726666666666,protein_coding,3.6395815634426794,MM,True,False,True
ENSMUSG00000034211,10090.ENSMUSP00000114012,Mrps17,23.473498333333332,protein_coding,3.9186629470951773,MM,True,False,True
ENSMUSG00000028468,10090.ENSMUSP00000103518,Rgp1,19.45756533333333,protein_coding,3.666976235897163,MM,True,True,True
ENSMUSG00000091695,10090.ENSMUSP00000128232,Gm17669,9.151835,processed_pseudogene,2.7000462156488796,MM,True,False,True
ENSMUSG00000029763,10090.ENSMUSP00000051965,Exoc4,2.39973,protein_coding,1.2892495978536398,MM,True,False,True
ENSMUSG00000050812,10090.ENSMUSP00000099953,Ecpas,24.943874,protein_coding,4.000542531648791,MM,True,False,False
ENSMUSG00000079658,10090.ENSMUSP00000140422,Eloc,169.90587866666667,protein_coding,6.689443739666271,MM,True,False,True
ENSMUSG00000023939,10090.ENSMUSP00000024734,Mrpl14,3.675380000000001,protein_coding,1.6818757512328588,MM,True,False,True
ENSMUSG00000024835,10090.ENSMUSP00000008893,Coro1b,14.580322,protein_coding,3.288293489322369,MM,True,False,False
ENSMUSG00000032384,10090.ENSMUSP00000034949,Csnk1g1,19.243410333333333,protein_coding,3.6529465160428014,MM,True,False,False
ENSMUSG00000026036,10090.ENSMUSP00000084799,Nif3l1,4.8389890000000015,protein_coding,1.967005142030989,MM,True,False,True
ENSMUSG00000041997,10090.ENSMUSP00000035961,Tlk1,17.34346833333333,protein_coding,3.515266954322918,MM,True,False,True
ENSMUSG00000005312,10090.ENSMUSP00000050191,Ubqln1,63.389164,protein_coding,5.290050951533414,MM,True,False,False
ENSMUSG00000018995,10090.ENSMUSP00000044937,Nars2,4.797016666666667,protein_coding,1.9581819459141672,MM,True,False,True
ENSMUSG00000024384,10090.ENSMUSP00000025243,Iws1,20.120624333333332,protein_coding,3.7121881881209107,MM,True,False,True
ENSMUSG00000053641,10090.ENSMUSP00000037915,Dennd4a,3.673248,protein_coding,1.6822860780638607,MM,True,False,True
ENSMUSG00000023021,10090.ENSMUSP00000023762,Cers5,5.402760000000002,protein_coding,2.0868831574331543,MM,True,True,True
ENSMUSG00000026575,10090.ENSMUSP00000083192,Nme7,164.7658536666667,protein_coding,6.6455570715665315,MM,True,True,True
ENSMUSG00000024949,10090.ENSMUSP00000121309,Sf1,149.97649133333334,protein_coding,6.511420218531949,MM,True,False,True
ENSMUSG00000020149,10090.ENSMUSP00000127330,Rab1a,76.41939766666667,protein_coding,5.553934067444672,MM,True,False,True
ENSMUSG00000068921,10090.ENSMUSP00000088456,Dap3,270.81903066666666,protein_coding,7.356430744511114,MM,True,False,True
ENSMUSG00000032249,10090.ENSMUSP00000082652,Anp32a,6.261046333333333,protein_coding,2.252441798963706,MM,True,False,False
ENSMUSG00000024135,10090.ENSMUSP00000092810,Srbd1,4.525420999999999,protein_coding,1.8960156483778854,MM,True,False,False
ENSMUSG00000031851,10090.ENSMUSP00000034313,Ntpcr,138.63604233333334,protein_coding,6.398655853715499,MM,True,True,True
ENSMUSG00000027751,10090.ENSMUSP00000131454,Supt20,600.1242063333333,protein_coding,8.499764275528365,MM,True,True,False
ENSMUSG00000021967,10090.ENSMUSP00000022538,Mrpl57,19.242333333333328,protein_coding,3.6525757117096846,MM,True,False,False
ENSMUSG00000036504,10090.ENSMUSP00000037417,Phpt1,107.792033,protein_coding,6.040011593398691,MM,True,False,True
ENSMUSG00000022020,10090.ENSMUSP00000022597,Naa16,2.093373,protein_coding,1.175460302456927,MM,True,True,True
ENSMUSG00000054199,10090.ENSMUSP00000088461,Gon4l,36.272092,protein_coding,4.511836530541027,MM,True,True,False
ENSMUSG00000029592,10090.ENSMUSP00000031588,Usp30,19.053283,protein_coding,3.6388709425319172,MM,True,False,True
ENSMUSG00000026857,10090.ENSMUSP00000035303,Ntmt1,33.39223733333333,protein_coding,4.397249754273085,MM,True,False,False
ENSMUSG00000032449,10090.ENSMUSP00000082302,Slc25a36,7.7632606666666675,protein_coding,2.5037170376265174,MM,True,False,True
ENSMUSG00000098134,10090.ENSMUSP00000138536,Rnf113a2,89.66487633333332,protein_coding,5.779374108699879,MM,True,True,False
ENSMUSG00000030532,10090.ENSMUSP00000032747,Hddc3,6.722997,protein_coding,2.3337449647721673,MM,True,False,True
ENSMUSG00000042642,10090.ENSMUSP00000122252,Flad1,20.533101666666667,protein_coding,3.7382846962224963,MM,True,False,True
ENSMUSG00000005981,10090.ENSMUSP00000006137,Trap1,118.94966399999998,protein_coding,6.180630051735835,MM,True,False,False
ENSMUSG00000000579,10090.ENSMUSP00000090644,Dynlt1c,194.95562266666667,protein_coding,6.8873245995138275,MM,True,False,False
ENSMUSG00000046985,10090.ENSMUSP00000062110,Tapt1,17.972798666666666,protein_coding,3.5619110395703704,MM,True,False,True
ENSMUSG00000026276,10090.ENSMUSP00000027495,Sept2,189.85684233333336,protein_coding,6.848977981229275,MM,True,False,True
ENSMUSG00000023944,10090.ENSMUSP00000024739,Hsp90ab1,196.55186966666668,protein_coding,6.897581387393802,MM,True,False,True
ENSMUSG00000021540,10090.ENSMUSP00000105502,Smad5,6.268418,protein_coding,2.254322328021017,MM,True,False,True
ENSMUSG00000070544,10090.ENSMUSP00000105094,Top1,54.09259433333333,protein_coding,5.068071397403291,MM,True,True,True
ENSMUSG00000024666,10090.ENSMUSP00000025568,Tmem138,13.482307333333333,protein_coding,3.1874949729444078,MM,True,False,True
ENSMUSG00000016253,10090.ENSMUSP00000016397,Nelfcd,21.76633266666667,protein_coding,3.816357393967895,MM,True,False,True
ENSMUSG00000038976,10090.ENSMUSP00000041732,Ppp1r9b,29.099778999999998,protein_coding,4.20943628713792,MM,True,False,True
ENSMUSG00000002058,10090.ENSMUSP00000002127,Unc119,3.989977,protein_coding,1.7650363647376015,MM,True,False,True
ENSMUSG00000002015,10090.ENSMUSP00000002091,Bcap31,12.017685333333333,protein_coding,3.0407237849908286,MM,True,False,True
ENSMUSG00000015880,10090.ENSMUSP00000112871,Ncapg,94.55490366666668,protein_coding,5.855558077960881,MM,True,False,True
ENSMUSG00000030652,10090.ENSMUSP00000032887,Coq7,12.217728999999999,protein_coding,3.0619339927258773,MM,True,False,True
ENSMUSG00000028609,10090.ENSMUSP00000030348,Magoh,71.93485266666667,protein_coding,5.468996018192745,MM,True,False,True
ENSMUSG00000026883,10090.ENSMUSP00000088532,Dab2ip,3.706855333333333,protein_coding,1.6908868168842237,MM,True,False,True
ENSMUSG00000024073,10090.ENSMUSP00000138333,Birc6,3.9432903333333336,protein_coding,1.7534649092739105,MM,True,False,False
ENSMUSG00000030726,10090.ENSMUSP00000032969,Pold3,68.421776,protein_coding,5.3979565879292934,MM,True,False,True
ENSMUSG00000068040,10090.ENSMUSP00000086422,Tm9sf4,11.870924333333335,protein_coding,3.0250894076781565,MM,True,False,False
ENSMUSG00000039055,10090.ENSMUSP00000036361,Eme1,3.971829,protein_coding,1.7605115146694246,MM,True,True,True
ENSMUSG00000027177,10090.ENSMUSP00000028600,Hipk3,77.22183766666667,protein_coding,5.567365555866632,MM,True,False,False
ENSMUSG00000003380,10090.ENSMUSP00000076227,Rabac1,39.101508333333335,protein_coding,4.614453139332029,MM,True,False,True
ENSMUSG00000028212,10090.ENSMUSP00000029866,Ccne2,23.936694,protein_coding,3.945260970264577,MM,True,True,True
ENSMUSG00000053253,10090.ENSMUSP00000137875,Ndfip2,22.56112533333333,protein_coding,3.865098415469559,MM,True,False,True
ENSMUSG00000046516,10090.ENSMUSP00000054086,Cox17,104.57153333333332,protein_coding,5.997263423960338,MM,True,True,False
ENSMUSG00000020152,10090.ENSMUSP00000000137,Actr2,10.139369333333333,protein_coding,2.827718642061689,MM,True,False,True
ENSMUSG00000021270,10090.ENSMUSP00000091921,Hsp90aa1,2617.376058,protein_coding,10.622023286889439,MM,True,True,True
ENSMUSG00000027620,10090.ENSMUSP00000105216,Rbm39,159.08344533333334,protein_coding,6.595797399096743,MM,True,False,True
ENSMUSG00000046865,10090.ENSMUSP00000037613,Fbl,18.887010666666665,protein_coding,3.6274649350126404,MM,True,False,True
ENSMUSG00000051730,10090.ENSMUSP00000050907,Mettl5,10.077729333333332,protein_coding,2.8206952782352372,MM,True,False,False
ENSMUSG00000016128,10090.ENSMUSP00000053232,Stard13,3.385463333333333,protein_coding,1.602328913672682,MM,True,False,True
ENSMUSG00000043998,10090.ENSMUSP00000057905,Mgat2,32.302149666666665,protein_coding,4.352840218017505,MM,True,False,True
ENSMUSG00000030059,10090.ENSMUSP00000093325,Tmf1,179.39408366666663,protein_coding,6.767381473262324,MM,True,False,True
ENSMUSG00000035953,10090.ENSMUSP00000124782,Pip4p1,12.557184,protein_coding,3.096517237409626,MM,True,False,True
ENSMUSG00000024844,10090.ENSMUSP00000126202,Banf1,32.66001466666667,protein_coding,4.3681923432180945,MM,True,False,True
ENSMUSG00000026849,10090.ENSMUSP00000028200,Tor1a,7.423487999999999,protein_coding,2.4503519881196327,MM,True,False,False
ENSMUSG00000038011,10090.ENSMUSP00000062995,Dnah10,13.463535333333335,protein_coding,3.184930603845524,MM,True,False,False
ENSMUSG00000061559,10090.ENSMUSP00000113560,Wdr61,44.88367833333334,protein_coding,4.807630398983301,MM,True,True,True
ENSMUSG00000030216,10090.ENSMUSP00000112213,Wbp11,597.9280600000002,protein_coding,8.4944646221527,MM,True,False,True
ENSMUSG00000028138,10090.ENSMUSP00000005964,Adh5,19.061389,protein_coding,3.6402769861140696,MM,True,False,True
ENSMUSG00000025016,10090.ENSMUSP00000025989,Tm9sf3,68.583997,protein_coding,5.401557360720939,MM,True,False,False
ENSMUSG00000030327,10090.ENSMUSP00000032477,Necap1,7.766712666666668,protein_coding,2.5038841547014994,MM,True,False,True
ENSMUSG00000024981,10090.ENSMUSP00000046585,Acsl5,4.113256,protein_coding,1.7965816963284733,MM,True,False,False
ENSMUSG00000022431,10090.ENSMUSP00000023067,Ribc2,83.00992333333333,protein_coding,5.670276824128572,MM,True,False,True
ENSMUSG00000049751,10090.ENSMUSP00000106249,Rpl36al,227.93752533333333,protein_coding,7.109372801224319,MM,True,False,True
ENSMUSG00000026860,10090.ENSMUSP00000028214,Sh3glb2,2.7559156666666667,protein_coding,1.4092410238479924,MM,True,False,False
ENSMUSG00000040537,10090.ENSMUSP00000055000,Adam22,1.6114816666666665,protein_coding,0.9779700536348443,MM,True,True,False
ENSMUSG00000035458,10090.ENSMUSP00000096458,Tnni3,71.25513933333333,protein_coding,5.454927243770726,MM,True,False,True
ENSMUSG00000026240,10090.ENSMUSP00000113587,Cops7b,8.582341666666666,protein_coding,2.6231528273187594,MM,True,False,True
ENSMUSG00000053536,10090.ENSMUSP00000093831,Cstf2t,26.06579266666667,protein_coding,4.060039339844229,MM,True,False,True
ENSMUSG00000038845,10090.ENSMUSP00000119603,Phb,9.138501,protein_coding,2.6991377459186694,MM,True,False,True
ENSMUSG00000031754,10090.ENSMUSP00000034204,Nudt21,180.02173633333337,protein_coding,6.773483064664852,MM,True,True,True
ENSMUSG00000031706,10090.ENSMUSP00000005600,Rfx1,9.264638666666665,protein_coding,2.7156216410530565,MM,True,False,False
ENSMUSG00000029103,10090.ENSMUSP00000030986,Lrpap1,69.342527,protein_coding,5.416240700997219,MM,True,True,False
ENSMUSG00000039427,10090.ENSMUSP00000097770,Alg1,7.3139150000000015,protein_coding,2.432517091109426,MM,True,False,True
ENSMUSG00000028560,10090.ENSMUSP00000030289,Usp1,588.0083413333333,protein_coding,8.470898136223079,MM,True,False,True
ENSMUSG00000030750,10090.ENSMUSP00000033006,Nsmce1,292.58900966666664,protein_coding,7.467780945055135,MM,True,True,True
ENSMUSG00000027822,10090.ENSMUSP00000029402,Slc33a1,16.25469633333333,protein_coding,3.430330105568623,MM,True,True,False
ENSMUSG00000039354,10090.ENSMUSP00000047589,Smarcal1,11.132021333333334,protein_coding,2.944058746319753,MM,True,False,True
ENSMUSG00000020537,10090.ENSMUSP00000018568,Drg2,37.93312066666667,protein_coding,4.573732489522321,MM,True,True,True
ENSMUSG00000024897,10090.ENSMUSP00000025830,Apba1,38.28687566666667,protein_coding,4.586620386579426,MM,True,False,False
ENSMUSG00000024524,10090.ENSMUSP00000025402,Gnal,1.762160333333333,protein_coding,1.04218274122597,MM,True,False,False
ENSMUSG00000039704,10090.ENSMUSP00000087858,Lmbrd2,2.0592080000000004,protein_coding,1.1627265120532848,MM,True,False,True
ENSMUSG00000032285,10090.ENSMUSP00000070413,Dnaja4,43.72226366666666,protein_coding,4.770597967321605,MM,True,False,False
ENSMUSG00000022443,10090.ENSMUSP00000016771,Myh9,1.5817819999999998,protein_coding,0.9642127919940715,MM,True,False,True
ENSMUSG00000031711,10090.ENSMUSP00000034147,Zfp330,37.158415666666656,protein_coding,4.546067900924745,MM,True,False,False
ENSMUSG00000023923,10090.ENSMUSP00000024717,Tbc1d5,27.33436733333333,protein_coding,4.12476595077376,MM,True,False,True
ENSMUSG00000059714,10090.ENSMUSP00000001569,Flot1,6.831534666666667,protein_coding,2.351308228608745,MM,True,False,True
ENSMUSG00000030960,10090.ENSMUSP00000033257,Eef1akmt2,9.949116666666667,protein_coding,2.8046251666445166,MM,True,False,False
ENSMUSG00000031198,10090.ENSMUSP00000033541,Fundc2,2.7292496666666666,protein_coding,1.4015616611684165,MM,True,False,True
ENSMUSG00000025464,10090.ENSMUSP00000026537,Paox,3.5716753333333333,protein_coding,1.654583407981476,MM,True,False,False
ENSMUSG00000068882,10090.ENSMUSP00000088365,Ssb,79.4794106666667,protein_coding,5.609435398035695,MM,True,False,False
ENSMUSG00000020366,10090.ENSMUSP00000020634,Mapk9,53.52424133333333,protein_coding,5.052787620792954,MM,True,False,False
ENSMUSG00000018574,10090.ENSMUSP00000099634,Acadvl,22.901841,protein_coding,3.884905148782842,MM,True,True,True
ENSMUSG00000028496,10090.ENSMUSP00000077232,Mllt3,1.6945756666666665,protein_coding,1.0142414917512625,MM,True,False,True
ENSMUSG00000024966,10090.ENSMUSP00000025918,Stip1,112.26239533333334,protein_coding,6.0982349095189265,MM,True,False,True
ENSMUSG00000012076,10090.ENSMUSP00000082500,Brms1l,5.7549996666666665,protein_coding,2.1578278141963514,MM,True,True,True
ENSMUSG00000038644,10090.ENSMUSP00000039776,Pold1,7.695632666666667,protein_coding,2.4919532906926203,MM,True,False,True
ENSMUSG00000074156,10090.ENSMUSP00000121729,Ces1h,2.722212666666667,protein_coding,1.3996499981947133,MM,True,True,False
ENSMUSG00000003527,10090.ENSMUSP00000003621,Ess2,12.234357,protein_coding,3.0632604594256025,MM,True,False,False
ENSMUSG00000012777,10090.ENSMUSP00000103578,Acp4,3.0795093333333337,protein_coding,1.5117557736743774,MM,True,False,False
ENSMUSG00000002297,10090.ENSMUSP00000132906,Dbf4,100.90845766666666,protein_coding,5.947560966187362,MM,True,False,True
ENSMUSG00000019179,10090.ENSMUSP00000019323,Mdh2,28.215853000000003,protein_coding,4.167509645758505,MM,True,False,True
ENSMUSG00000020412,10090.ENSMUSP00000063272,Ascc2,74.42563100000001,protein_coding,5.515729785063733,MM,True,False,True
ENSMUSG00000061306,10090.ENSMUSP00000099307,Slc38a10,17.407214,protein_coding,3.519011300825906,MM,True,False,True
ENSMUSG00000001017,10090.ENSMUSP00000001043,Chtop,72.41652433333333,protein_coding,5.477311632278031,MM,True,False,False
ENSMUSG00000031107,10090.ENSMUSP00000033433,Rbmx2,1.811029,protein_coding,1.063233245873151,MM,True,False,True
ENSMUSG00000039693,10090.ENSMUSP00000103332,Msantd3,3.8041379999999996,protein_coding,1.7176519324533979,MM,True,False,True
ENSMUSG00000009927,10090.ENSMUSP00000079180,Rps25,367.0884396666667,protein_coding,7.792792246085594,MM,True,False,True
ENSMUSG00000003779,10090.ENSMUSP00000132659,Kif20a,110.10544333333333,protein_coding,6.071161070630169,MM,True,True,False
ENSMUSG00000024393,10090.ENSMUSP00000025253,Prrc2a,148.47677633333333,protein_coding,6.49590348357552,MM,True,True,True
ENSMUSG00000005470,10090.ENSMUSP00000005607,Asf1b,29.363306333333334,protein_coding,4.221990214033553,MM,True,True,True
ENSMUSG00000041058,10090.ENSMUSP00000103881,Wwp1,7.604586666666667,protein_coding,2.47908091954491,MM,True,False,True
ENSMUSG00000069237,10090.ENSMUSP00000097144,Fam8a1,17.319530666666665,protein_coding,3.513722754067659,MM,True,False,False
ENSMUSG00000062480,10090.ENSMUSP00000045912,Acat3,3.924936666666667,protein_coding,1.7485960499912085,MM,True,False,True
ENSMUSG00000044147,10090.ENSMUSP00000055862,Arf6,27.618927333333332,protein_coding,4.1378752703853845,MM,True,False,True
ENSMUSG00000031099,10090.ENSMUSP00000086366,Smarca1,4.680374,protein_coding,1.9318714963984507,MM,True,False,True
ENSMUSG00000028165,10090.ENSMUSP00000029815,Cisd2,4.987659333333333,protein_coding,2.0004672372997714,MM,True,False,False
ENSMUSG00000020859,10090.ENSMUSP00000042271,Spag9,25.80225166666667,protein_coding,4.047204984388371,MM,True,False,False
ENSMUSG00000025193,10090.ENSMUSP00000107678,Cutc,76.229838,protein_coding,5.550215929840571,MM,True,True,True
ENSMUSG00000056167,10090.ENSMUSP00000064840,Cnot10,57.01416266666666,protein_coding,5.141346625585761,MM,True,False,True
ENSMUSG00000026817,10090.ENSMUSP00000068479,Ak1,60.77748633333334,protein_coding,5.230582969878482,MM,True,False,True
ENSMUSG00000048076,10090.ENSMUSP00000079905,Arf1,250.604543,protein_coding,7.245354679800286,MM,True,False,True
ENSMUSG00000021645,10090.ENSMUSP00000022147,Smn1,31.488496666666666,protein_coding,4.317778882161017,MM,True,False,True
ENSMUSG00000048799,10090.ENSMUSP00000062433,Cep120,76.10895033333333,protein_coding,5.547937431621767,MM,True,False,False
ENSMUSG00000031232,10090.ENSMUSP00000120994,Magt1,1.3587026666666666,protein_coding,0.8621958594204501,MM,True,False,True
ENSMUSG00000038374,10090.ENSMUSP00000044548,Rbm8a,28.03835,protein_coding,4.158801476070789,MM,True,False,True
ENSMUSG00000002767,10090.ENSMUSP00000002844,Mrpl2,32.389977666666674,protein_coding,4.35529910266755,MM,True,False,True
ENSMUSG00000040282,10090.ENSMUSP00000106543,BC052040,1.8081830000000003,protein_coding,1.0619498864619694,MM,True,False,True
ENSMUSG00000014601,10090.ENSMUSP00000068587,Strip1,16.129341999999998,protein_coding,3.4196955120530723,MM,True,True,True
ENSMUSG00000024566,10090.ENSMUSP00000089394,Atp9b,46.68488966666666,protein_coding,4.86202041955899,MM,True,False,True
ENSMUSG00000033014,10090.ENSMUSP00000029444,Trim33,51.70012533333333,protein_coding,5.004947839512784,MM,True,False,False
ENSMUSG00000026457,10090.ENSMUSP00000107856,Adipor1,11.563462,protein_coding,2.9922309448809163,MM,True,False,False
ENSMUSG00000024042,10090.ENSMUSP00000024839,Sik1,1.3503303333333332,protein_coding,0.8577108707966848,MM,True,False,False
ENSMUSG00000051853,10090.ENSMUSP00000050689,Arf3,19.598108,protein_coding,3.6765729780753245,MM,True,False,True
ENSMUSG00000035376,10090.ENSMUSP00000060462,Hacd2,9.513284666666666,protein_coding,2.748932393501692,MM,True,False,True
ENSMUSG00000022336,10090.ENSMUSP00000022960,Eif3e,390.6510723333333,protein_coding,7.882940733440991,MM,True,False,True
ENSMUSG00000006010,10090.ENSMUSP00000107544,Odr4,18.648959,protein_coding,3.611895985976033,MM,True,False,True
ENSMUSG00000050668,10090.ENSMUSP00000126814,Gpatch11,17.628488,protein_coding,3.5367613051283175,MM,True,True,True
ENSMUSG00000044573,10090.ENSMUSP00000106509,Acp1,50.50213866666667,protein_coding,4.971892486844254,MM,True,False,False
ENSMUSG00000052033,10090.ENSMUSP00000070596,Pfdn4,43.523355,protein_coding,4.7644388721078785,MM,True,False,True
ENSMUSG00000040818,10090.ENSMUSP00000039361,Dennd6a,1.3955669999999998,protein_coding,0.8794877774113191,MM,True,False,True
ENSMUSG00000041180,10090.ENSMUSP00000128387,Hectd2,23.765109,protein_coding,3.935432182322972,MM,True,True,True
ENSMUSG00000066487,10090.ENSMUSP00000136275,Gm5786,11.439340333333336,processed_pseudogene,2.9778761142458827,MM,True,False,True
ENSMUSG00000001472,10090.ENSMUSP00000056485,Tcf25,21.39593633333333,protein_coding,3.794915117072242,MM,True,False,True
ENSMUSG00000041891,10090.ENSMUSP00000040140,Lman1,4.895707000000002,protein_coding,1.9797901345811661,MM,True,False,True
ENSMUSG00000097239,10090.ENSMUSP00000102880,Gm27029,3.609817333333333,protein_coding,1.6652877033590698,MM,True,False,False
ENSMUSG00000013593,10090.ENSMUSP00000013737,Ndufs2,138.46112033333333,protein_coding,6.396860779044184,MM,True,False,True
ENSMUSG00000030188,10090.ENSMUSP00000032307,Magohb,30.92341433333333,protein_coding,4.292769923005739,MM,True,False,True
ENSMUSG00000023051,10090.ENSMUSP00000023813,Tarbp2,141.18877666666666,protein_coding,6.424275786686251,MM,True,False,True
ENSMUSG00000025917,10090.ENSMUSP00000027050,Cops5,328.7339780000001,protein_coding,7.634815516772846,MM,True,False,True
ENSMUSG00000040044,10090.ENSMUSP00000048319,Orc3,74.26914000000001,protein_coding,5.513762404415326,MM,True,False,True
ENSMUSG00000070493,10090.ENSMUSP00000091835,Chchd2,181.37256866666667,protein_coding,6.783148826498816,MM,True,False,False
ENSMUSG00000022561,10090.ENSMUSP00000023221,Gpaa1,4.313462,protein_coding,1.8453344154813072,MM,True,False,True
ENSMUSG00000022314,10090.ENSMUSP00000022927,Rad21,18.176604,protein_coding,3.577109899273159,MM,True,False,True
ENSMUSG00000032202,10090.ENSMUSP00000034722,Rab27a,16.755733333333335,protein_coding,3.4698154456863763,MM,True,False,True
ENSMUSG00000018583,10090.ENSMUSP00000018727,G3bp1,25.436715333333336,protein_coding,4.0265629835332515,MM,True,False,True
ENSMUSG00000014504,10090.ENSMUSP00000072386,Srp19,91.01407366666666,protein_coding,5.801047827881385,MM,True,False,True
ENSMUSG00000030201,10090.ENSMUSP00000032322,Lrp6,3.072919333333333,protein_coding,1.5103102814253972,MM,True,False,False
ENSMUSG00000040385,10090.ENSMUSP00000039109,Ppp1ca,6.279070999999999,protein_coding,2.256333579853844,MM,True,False,True
ENSMUSG00000029047,10090.ENSMUSP00000099469,Pex10,1.1131953333333335,protein_coding,0.7394552675772746,MM,True,False,False
ENSMUSG00000034544,10090.ENSMUSP00000066797,Rsrc1,130.871595,protein_coding,6.317077881746513,MM,True,False,False
ENSMUSG00000034574,10090.ENSMUSP00000082406,Daam1,21.425506,protein_coding,3.795709777642541,MM,True,False,True
ENSMUSG00000011884,10090.ENSMUSP00000012028,Gltp,1.2571963333333331,protein_coding,0.8122876415218646,MM,True,False,False
ENSMUSG00000019139,10090.ENSMUSP00000019283,Isyna1,179.93145766666663,protein_coding,6.7702749244771265,MM,True,False,True
ENSMUSG00000020646,10090.ENSMUSP00000106567,Mboat2,2.105748333333333,protein_coding,1.1804192694251472,MM,True,False,True
ENSMUSG00000024851,10090.ENSMUSP00000097599,Pitpnm1,1.8960846666666669,protein_coding,1.0974750600535585,MM,True,False,False
ENSMUSG00000023953,10090.ENSMUSP00000024749,Polh,17.109745,protein_coding,3.4973163879900686,MM,True,True,True
ENSMUSG00000007415,10090.ENSMUSP00000007559,Gatad1,84.96156833333333,protein_coding,5.703112349083268,MM,True,False,True
ENSMUSG00000028483,10090.ENSMUSP00000030206,Snapc3,32.34884466666667,protein_coding,4.354656556108045,MM,True,False,False
ENSMUSG00000067367,10090.ENSMUSP00000084791,Lyar,1730.4275309999998,protein_coding,10.025045645128055,MM,True,True,True
ENSMUSG00000024238,10090.ENSMUSP00000025081,Zeb1,6.2313519999999984,protein_coding,2.2469876838813336,MM,True,False,False
ENSMUSG00000026032,10090.ENSMUSP00000027193,Ndufb3,93.626007,protein_coding,5.840938506386586,MM,True,False,True
ENSMUSG00000030654,10090.ENSMUSP00000032888,Arl6ip1,207.484014,protein_coding,6.975305049585901,MM,True,True,True
ENSMUSG00000049517,10090.ENSMUSP00000054490,Rps23,235.0731353333333,protein_coding,7.154282828959985,MM,True,False,True
ENSMUSG00000026820,10090.ENSMUSP00000028162,Ptges2,1.7239813333333334,protein_coding,1.0250387196321102,MM,True,False,False
ENSMUSG00000068823,10090.ENSMUSP00000029446,Csde1,334.33595799999995,protein_coding,7.659452038351691,MM,True,False,False
ENSMUSG00000031982,10090.ENSMUSP00000034463,Arv1,7.870826000000001,protein_coding,2.5194279236453108,MM,True,False,True
ENSMUSG00000059776,10090.ENSMUSP00000000756,Rpl13-ps6,53.84503533333333,processed_pseudogene,5.0608557467894295,MM,True,False,True
ENSMUSG00000022890,10090.ENSMUSP00000023608,Atp5j,423.37303700000007,protein_coding,7.997978390404602,MM,True,False,True
ENSMUSG00000039414,10090.ENSMUSP00000094882,Heatr5b,6.868384333333334,protein_coding,2.359112461392428,MM,True,False,False
ENSMUSG00000020719,10090.ENSMUSP00000021062,Ddx5,1207.3875733333334,protein_coding,9.506667989971174,MM,True,False,True
ENSMUSG00000004951,10090.ENSMUSP00000005077,Hspb1,4.550173333333333,protein_coding,1.9016862352704358,MM,True,False,True
ENSMUSG00000024191,10090.ENSMUSP00000015725,Bnip1,71.32715366666666,protein_coding,5.456464662232672,MM,True,True,True
ENSMUSG00000040265,10090.ENSMUSP00000064538,Dnm3,28.374947,protein_coding,4.175294219879944,MM,True,True,True
ENSMUSG00000060860,10090.ENSMUSP00000078459,Ube2s,444.02725199999986,protein_coding,8.065978951066406,MM,True,False,True
ENSMUSG00000027674,10090.ENSMUSP00000103861,Pex5l,19.860631,protein_coding,3.694242220873091,MM,True,False,True
ENSMUSG00000028522,10090.ENSMUSP00000102470,Mier1,20.137592,protein_coding,3.7118781427398204,MM,True,False,True
ENSMUSG00000046330,10090.ENSMUSP00000058919,Rpl37a,430.51230866666674,protein_coding,8.021321046659569,MM,True,False,True
ENSMUSG00000066037,10090.ENSMUSP00000138399,Hnrnpr,58.60096100000001,protein_coding,5.181381704587655,MM,True,False,True
ENSMUSG00000047454,10090.ENSMUSP00000106018,Gphn,6.138389666666666,protein_coding,2.2302689150234314,MM,True,False,False
ENSMUSG00000006134,10090.ENSMUSP00000006293,Crkl,9.349221666666667,protein_coding,2.727921107858919,MM,True,False,True
ENSMUSG00000026611,10090.ENSMUSP00000106570,Spata17,152.47790533333333,protein_coding,6.535173671461012,MM,True,False,False
ENSMUSG00000040549,10090.ENSMUSP00000106970,Ckap5,29.104827666666665,protein_coding,4.2102203115748065,MM,True,False,True
ENSMUSG00000024052,10090.ENSMUSP00000118610,Lpin2,11.702354666666665,protein_coding,3.0070066586870055,MM,True,False,True
ENSMUSG00000075249,10090.ENSMUSP00000120314,Fsip2,40.671538,protein_coding,4.670882984017116,MM,True,False,False
ENSMUSG00000028708,10090.ENSMUSP00000019677,Mknk1,22.04122166666667,protein_coding,3.8336326000452896,MM,True,False,True
ENSMUSG00000026743,10090.ENSMUSP00000110328,Mllt10,184.15575166666667,protein_coding,6.804443908989521,MM,True,True,True
ENSMUSG00000031953,10090.ENSMUSP00000034431,Tmem170,10.602406333333333,protein_coding,2.883127583107255,MM,True,False,False
ENSMUSG00000019854,10090.ENSMUSP00000123238,Reps1,36.38882433333333,protein_coding,4.516738120915311,MM,True,False,True
ENSMUSG00000002763,10090.ENSMUSP00000002840,Pex6,8.373335,protein_coding,2.5927167089715963,MM,True,False,False
ENSMUSG00000035152,10090.ENSMUSP00000018875,Ap2b1,137.87813333333335,protein_coding,6.39112258846722,MM,True,False,True
ENSMUSG00000019564,10090.ENSMUSP00000019708,Arid3a,1.840946,protein_coding,1.0749504156331275,MM,True,False,False
ENSMUSG00000026155,10090.ENSMUSP00000027339,Smap1,120.28448766666666,protein_coding,6.197061230861728,MM,True,False,True
ENSMUSG00000058443,10090.ENSMUSP00000125806,Rpl10-ps3,6.533090666666666,protein_coding,2.3017301532533114,MM,True,False,True
ENSMUSG00000020089,10090.ENSMUSP00000020286,Ppa1,20.09449333333333,protein_coding,3.709740801045779,MM,True,False,False
ENSMUSG00000040952,10090.ENSMUSP00000104067,Rps19,69.06512033333333,protein_coding,5.409390687202065,MM,True,False,True
ENSMUSG00000020799,10090.ENSMUSP00000021155,Tekt1,585.0251873333333,protein_coding,8.463026429501815,MM,True,False,True
ENSMUSG00000020111,10090.ENSMUSP00000126597,Micu1,9.059885333333332,protein_coding,2.6896212891838833,MM,True,False,True
ENSMUSG00000035770,10090.ENSMUSP00000045480,Dync1li2,90.43567133333332,protein_coding,5.791240941781561,MM,True,False,True
ENSMUSG00000074576,10090.ENSMUSP00000096670,Mocs3,12.821076333333332,protein_coding,3.1223728301466434,MM,True,False,True
ENSMUSG00000002052,10090.ENSMUSP00000002121,Supt6,31.81292,protein_coding,4.33180262999378,MM,True,False,True
ENSMUSG00000014418,10090.ENSMUSP00000014562,Hps5,20.476787,protein_coding,3.7352541923837177,MM,True,False,False
ENSMUSG00000002416,10090.ENSMUSP00000114095,Ndufb2,289.329183,protein_coding,7.451913244892909,MM,True,False,True
ENSMUSG00000008604,10090.ENSMUSP00000008748,Ubqln4,19.124461333333333,protein_coding,3.6441860483283506,MM,True,False,True
ENSMUSG00000040964,10090.ENSMUSP00000040531,Arhgef10l,6.336582333333332,protein_coding,2.2661959516032213,MM,True,False,True
ENSMUSG00000037910,10090.ENSMUSP00000043341,1700018B24Rik,869.6601360000002,lncRNA,9.033569052333467,MM,True,True,True
ENSMUSG00000021177,10090.ENSMUSP00000118656,Tdp1,51.23044733333333,protein_coding,4.991109677161519,MM,True,False,True
ENSMUSG00000030314,10090.ENSMUSP00000032457,Atg7,25.803287,protein_coding,4.045829076501907,MM,True,False,True
ENSMUSG00000028126,10090.ENSMUSP00000102852,Pip5k1a,4.346157666666667,protein_coding,1.8535444766938594,MM,True,False,True
ENSMUSG00000022295,10090.ENSMUSP00000022904,Atp6v1c1,44.99952433333333,protein_coding,4.810618211511138,MM,True,False,True
ENSMUSG00000018143,10090.ENSMUSP00000018287,Mafk,3.6118756666666663,protein_coding,1.6656109174491482,MM,True,False,False
ENSMUSG00000034731,10090.ENSMUSP00000074290,Dgkh,9.424538666666663,protein_coding,2.7375558242241023,MM,True,False,True
ENSMUSG00000028234,10090.ENSMUSP00000120528,Rps20,155.899104,protein_coding,6.568328935702101,MM,True,False,True
ENSMUSG00000022974,10090.ENSMUSP00000113835,Paxbp1,32.86831866666667,protein_coding,4.376287789892171,MM,True,False,False
ENSMUSG00000090247,10090.ENSMUSP00000026405,Bloc1s1,53.67430366666667,protein_coding,5.056321842757658,MM,True,False,True
ENSMUSG00000019806,10090.ENSMUSP00000019942,Aig1,1.0451396666666668,protein_coding,0.7037784652560131,MM,True,False,False
ENSMUSG00000034560,10090.ENSMUSP00000039322,Washc4,3.527214666666667,protein_coding,1.6424086137782223,MM,True,False,True
ENSMUSG00000030180,10090.ENSMUSP00000098558,Kdm5a,13.071612666666667,protein_coding,3.147903301864508,MM,True,False,False
ENSMUSG00000027971,10090.ENSMUSP00000133341,Ndst4,38.74545533333333,protein_coding,4.603418799551012,MM,True,False,True
ENSMUSG00000037242,10090.ENSMUSP00000041453,Clic4,41.978555,protein_coding,4.7143604340542,MM,True,False,False
ENSMUSG00000073557,10090.ENSMUSP00000131406,Ppp1r12b,3.176787,protein_coding,1.5414930328438645,MM,True,False,True
ENSMUSG00000024772,10090.ENSMUSP00000025684,Ehd1,44.30981966666667,protein_coding,4.788935463837485,MM,True,False,True
ENSMUSG00000021774,10090.ENSMUSP00000022296,Ube2e1,23.42019066666667,protein_coding,3.9157446652529586,MM,True,False,True
ENSMUSG00000026335,10090.ENSMUSP00000057112,Pam,3.720435333333333,protein_coding,1.6953492059685564,MM,True,False,True
ENSMUSG00000003731,10090.ENSMUSP00000099650,Kpna6,116.65327433333331,protein_coding,6.152995456998531,MM,True,False,True
ENSMUSG00000053841,10090.ENSMUSP00000081285,Txlna,9.572807666666668,protein_coding,2.7564988581968413,MM,True,False,False
ENSMUSG00000042523,10090.ENSMUSP00000121038,Dnal1,37.506575666666656,protein_coding,4.558527124367273,MM,True,False,True
ENSMUSG00000028433,10090.ENSMUSP00000030143,Ubap2,85.95831333333334,protein_coding,5.719583302976493,MM,True,False,False
ENSMUSG00000079020,10090.ENSMUSP00000121775,Slc45a4,13.341689,protein_coding,3.1723689395387167,MM,True,False,False
ENSMUSG00000028540,10090.ENSMUSP00000030265,Dph2,1.6781049999999995,protein_coding,1.0068660125264206,MM,True,False,True
ENSMUSG00000027203,10090.ENSMUSP00000080767,Dut,69.37043,protein_coding,5.417302374789218,MM,True,False,True
ENSMUSG00000024325,10090.ENSMUSP00000025183,Ring1,7.818400666666666,protein_coding,2.5108350240277812,MM,True,True,True
ENSMUSG00000049232,10090.ENSMUSP00000057223,Tigd2,8.143105333333333,protein_coding,2.5603724979080806,MM,True,False,False
ENSMUSG00000036955,10090.ENSMUSP00000065160,Kif1bp,35.47363166666667,protein_coding,4.481601236817133,MM,True,False,True
ENSMUSG00000026563,10090.ENSMUSP00000027846,Tada1,28.617743666666666,protein_coding,4.1870708514143855,MM,True,False,True
ENSMUSG00000074165,10090.ENSMUSP00000096108,Zfp788,12.962024000000001,protein_coding,3.1374714999364133,MM,True,True,False
ENSMUSG00000037326,10090.ENSMUSP00000039528,Capn15,6.337155,protein_coding,2.2656851254617174,MM,True,False,False
ENSMUSG00000042626,10090.ENSMUSP00000091940,Shc1,3.4394129999999996,protein_coding,1.6175995615020318,MM,True,False,True
ENSMUSG00000022711,10090.ENSMUSP00000023396,Pmm2,94.54334766666666,protein_coding,5.854402175146316,MM,True,True,True
ENSMUSG00000042104,10090.ENSMUSP00000121249,Uggt2,27.82284633333333,protein_coding,4.149272537024067,MM,True,True,False
ENSMUSG00000039001,10090.ENSMUSP00000058432,Rps21,708.8592326666667,protein_coding,8.73946031392056,MM,True,False,True
ENSMUSG00000036241,10090.ENSMUSP00000038813,Ube2r2,20.181159,protein_coding,3.7165956625127405,MM,True,False,True
ENSMUSG00000025060,10090.ENSMUSP00000049977,Slk,23.65869666666667,protein_coding,3.9295592391135963,MM,True,False,True
ENSMUSG00000039046,10090.ENSMUSP00000043178,Usp6nl,6.9617923333333325,protein_coding,2.3750920858580535,MM,True,False,False
ENSMUSG00000046709,10090.ENSMUSP00000108468,Mapk10,20.655702666666667,polymorphic_pseudogene,3.7469105045793296,MM,True,False,True
ENSMUSG00000050379,10090.ENSMUSP00000110894,Sept6,4.291783000000001,protein_coding,1.8408838788635848,MM,True,False,True
ENSMUSG00000083282,10090.ENSMUSP00000112481,Ctsf,13.833682333333336,protein_coding,3.2205510892524596,MM,True,False,False
ENSMUSG00000063179,10090.ENSMUSP00000075037,Pstk,15.182049,protein_coding,3.341504389180572,MM,True,False,True
ENSMUSG00000027346,10090.ENSMUSP00000105769,Gpcpd1,33.19349766666667,protein_coding,4.390351614339557,MM,True,True,True
ENSMUSG00000030245,10090.ENSMUSP00000032372,Golt1b,19.235405,protein_coding,3.653427219210482,MM,True,False,False
ENSMUSG00000040414,10090.ENSMUSP00000036913,Slc25a28,50.86303366666667,protein_coding,4.981187947368337,MM,True,False,False
ENSMUSG00000027487,10090.ENSMUSP00000105353,Cdk5rap1,5.497524666666666,protein_coding,2.1064268291055397,MM,True,True,True
ENSMUSG00000074139,10090.ENSMUSP00000096077,1700057G04Rik,33.14181466666667,protein_coding,4.388339494319652,MM,True,False,False
ENSMUSG00000031533,10090.ENSMUSP00000033934,Mrps31,79.34687033333334,protein_coding,5.606914096617383,MM,True,False,True
ENSMUSG00000020777,10090.ENSMUSP00000063325,Acox1,10.956938,protein_coding,2.9240194168748186,MM,True,False,True
ENSMUSG00000021258,10090.ENSMUSP00000098616,Ccnk,226.6996103333333,protein_coding,7.101549007710678,MM,True,False,True
ENSMUSG00000025068,10090.ENSMUSP00000026050,Gsto1,2.740438,protein_coding,1.404865528770962,MM,True,False,False
ENSMUSG00000025809,10090.ENSMUSP00000087457,Itgb1,6.994905333333333,protein_coding,2.380709872631575,MM,True,False,True
ENSMUSG00000039148,10090.ENSMUSP00000047397,Sart1,31.94293966666666,protein_coding,4.3366053871723,MM,True,False,True
ENSMUSG00000071273,10090.ENSMUSP00000093293,Gm5145,2.0982583333333333,processed_pseudogene,1.1773618622574267,MM,True,False,True
ENSMUSG00000036009,10090.ENSMUSP00000038665,Mettl25,6.569813000000001,protein_coding,2.3080701631900182,MM,True,False,True
ENSMUSG00000027108,10090.ENSMUSP00000028517,Ola1,50.23407,protein_coding,4.964520961887685,MM,True,False,True
ENSMUSG00000055041,10090.ENSMUSP00000069159,Commd5,14.144234999999995,protein_coding,3.2505841806207743,MM,True,False,True
ENSMUSG00000009621,10090.ENSMUSP00000062782,Vav2,4.194029666666666,protein_coding,1.8165921978115867,MM,True,False,False
ENSMUSG00000041852,10090.ENSMUSP00000105136,Tcf20,16.298864000000002,protein_coding,3.4334457005535786,MM,True,False,False
ENSMUSG00000018666,10090.ENSMUSP00000091475,Cbx1,31.33097433333333,protein_coding,4.310963893175626,MM,True,True,False
ENSMUSG00000038446,10090.ENSMUSP00000044305,Cdc40,8.532694999999999,protein_coding,2.6165547640236895,MM,True,False,True
ENSMUSG00000049470,10090.ENSMUSP00000051479,Aff4,11.543317000000002,protein_coding,2.9900477643295282,MM,True,False,True
ENSMUSG00000025403,10090.ENSMUSP00000026470,Shmt2,4.209869,protein_coding,1.8199859773432434,MM,True,False,True
ENSMUSG00000042625,10090.ENSMUSP00000074953,Safb2,81.859853,protein_coding,5.650384404071894,MM,True,False,False
ENSMUSG00000020015,10090.ENSMUSP00000070355,Cdk17,27.419739333333336,protein_coding,4.128957700627709,MM,True,False,True
ENSMUSG00000020361,10090.ENSMUSP00000020630,Hspa4,422.7902423333333,protein_coding,7.9966425780299994,MM,True,False,True
ENSMUSG00000024048,10090.ENSMUSP00000123412,Myl12a,16.182218666666667,protein_coding,3.423739059034239,MM,True,False,True
ENSMUSG00000041895,10090.ENSMUSP00000099349,Wipi1,13.102803,protein_coding,3.150508011571126,MM,True,False,True
ENSMUSG00000056692,10090.ENSMUSP00000110513,Ilrun,12.597780999999998,protein_coding,3.1003659139974986,MM,True,False,False
ENSMUSG00000020528,10090.ENSMUSP00000004955,Prpsap2,19.712126666666666,protein_coding,3.6843859763250375,MM,True,False,True
ENSMUSG00000026594,10090.ENSMUSP00000130581,Ralgps2,230.97548933333337,protein_coding,7.12855428223588,MM,True,True,False
ENSMUSG00000029621,10090.ENSMUSP00000031625,Arpc1a,89.27750133333333,protein_coding,5.773365350815585,MM,True,False,True
ENSMUSG00000035941,10090.ENSMUSP00000041145,Ibtk,11.301266666666667,protein_coding,2.963232729802777,MM,True,False,False
ENSMUSG00000006589,10090.ENSMUSP00000006764,Aprt,149.31586966666666,protein_coding,6.504039188079252,MM,True,False,True
ENSMUSG00000018736,10090.ENSMUSP00000018880,Ndel1,28.832228999999998,protein_coding,4.197308498353144,MM,True,False,True
ENSMUSG00000031400,10090.ENSMUSP00000004327,G6pdx,1.4408386666666668,protein_coding,0.9003110319570768,MM,True,False,True
ENSMUSG00000024370,10090.ENSMUSP00000122420,Cdc23,15.973419,protein_coding,3.407373645817943,MM,True,False,True
ENSMUSG00000029086,10090.ENSMUSP00000073751,Prom1,56.45882033333334,protein_coding,5.12810086933184,MM,True,False,False
ENSMUSG00000019797,10090.ENSMUSP00000019932,1700021F05Rik,72.676168,protein_coding,5.482962104808284,MM,True,False,True
ENSMUSG00000004460,10090.ENSMUSP00000126828,Dnajb11,238.67003366666665,protein_coding,7.175465538804191,MM,True,True,True
ENSMUSG00000048040,10090.ENSMUSP00000051250,Arxes2,1.7835766666666666,protein_coding,1.0517797345474458,MM,True,False,False
ENSMUSG00000021477,10090.ENSMUSP00000021933,Ctsl,32.356486,protein_coding,4.355001200817982,MM,True,False,False
ENSMUSG00000034297,10090.ENSMUSP00000044268,Med13,6.034758666666668,protein_coding,2.211347744645715,MM,True,False,True
ENSMUSG00000026048,10090.ENSMUSP00000027214,Ercc5,6.253021666666666,protein_coding,2.251277961868096,MM,True,False,True
ENSMUSG00000020706,10090.ENSMUSP00000021048,Ftsj3,58.89064166666666,protein_coding,5.186784412400474,MM,True,False,True
ENSMUSG00000003814,10090.ENSMUSP00000003912,Calr,740.2328693333333,protein_coding,8.801762358614349,MM,True,True,True
ENSMUSG00000021012,10090.ENSMUSP00000105732,Zc3h14,623.559896,protein_coding,8.555372275574774,MM,True,False,True
ENSMUSG00000020687,10090.ENSMUSP00000091452,Cdc27,50.734997,protein_coding,4.9783873507468615,MM,True,False,True
ENSMUSG00000038628,10090.ENSMUSP00000044582,Polr3k,4.834837333333333,protein_coding,1.966569020412055,MM,True,False,True
ENSMUSG00000015961,10090.ENSMUSP00000016105,Adss,148.55471799999998,protein_coding,6.497915981910406,MM,True,False,True
ENSMUSG00000041777,10090.ENSMUSP00000049834,Cir1,68.93362666666667,protein_coding,5.408443776048546,MM,True,False,True
ENSMUSG00000034201,10090.ENSMUSP00000050275,Gas2l1,8.939896000000001,protein_coding,2.6720044285164213,MM,True,False,True
ENSMUSG00000003135,10090.ENSMUSP00000125638,Cnot11,15.831629,protein_coding,3.3959578064544145,MM,True,False,True
ENSMUSG00000024885,10090.ENSMUSP00000056276,Aldh3b1,13.709582333333335,protein_coding,3.2087639306206333,MM,True,False,True
ENSMUSG00000043346,10090.ENSMUSP00000094869,Gm6741,1.0904166666666668,processed_pseudogene,0.7274354823483016,MM,True,False,True
ENSMUSG00000051674,10090.ENSMUSP00000067616,Dcun1d4,53.80206066666667,protein_coding,5.060675182665849,MM,True,True,False
ENSMUSG00000020986,10090.ENSMUSP00000021375,Sec23a,30.20754866666667,protein_coding,4.261079833612307,MM,True,False,True
ENSMUSG00000009569,10090.ENSMUSP00000009713,Mrtfb,2.617084333333333,protein_coding,1.364464669690226,MM,True,False,False
ENSMUSG00000026074,10090.ENSMUSP00000126961,Map4k4,2.662881666666667,protein_coding,1.3796991382622388,MM,True,False,False
ENSMUSG00000074506,10090.ENSMUSP00000111363,Gm10705,55.73312766666667,processed_pseudogene,5.109570581902447,MM,True,False,True
ENSMUSG00000017776,10090.ENSMUSP00000017920,Crk,36.43651833333333,protein_coding,4.518342263192583,MM,True,False,True
ENSMUSG00000001098,10090.ENSMUSP00000001125,Kctd10,29.668368666666666,protein_coding,4.236043642037567,MM,True,False,False
ENSMUSG00000035824,10090.ENSMUSP00000053616,Tk2,22.13915733333333,protein_coding,3.8392806625845113,MM,True,True,False
ENSMUSG00000020271,10090.ENSMUSP00000075721,Fbxw11,3.9478326666666663,protein_coding,1.7552631951504434,MM,True,False,False
ENSMUSG00000053838,10090.ENSMUSP00000064668,Nudcd3,18.890109333333328,protein_coding,3.627421314606119,MM,True,False,False
ENSMUSG00000020315,10090.ENSMUSP00000099902,Sptbn1,6.1388810000000005,protein_coding,2.2306262484176593,MM,True,False,True
ENSMUSG00000031608,10090.ENSMUSP00000034021,Galnt7,2.621033,protein_coding,1.3660811970085733,MM,True,False,False
ENSMUSG00000039678,10090.ENSMUSP00000048426,Tbc1d13,10.206435333333333,protein_coding,2.835312921042534,MM,True,False,False
ENSMUSG00000068396,10090.ENSMUSP00000086614,Rpl34-ps1,55.80237966666667,processed_pseudogene,5.111046326469078,MM,True,False,True
ENSMUSG00000025733,10090.ENSMUSP00000044639,Rhot2,22.96298133333333,protein_coding,3.888024831124367,MM,True,True,True
ENSMUSG00000026356,10090.ENSMUSP00000027602,Dars,127.90444466666668,protein_coding,6.284551425333426,MM,True,True,True
ENSMUSG00000031878,10090.ENSMUSP00000034349,Nae1,112.657397,protein_coding,6.103992503848331,MM,True,True,True
ENSMUSG00000059005,10090.ENSMUSP00000107595,Hnrnpa3,36.654786,protein_coding,4.52640072692571,MM,True,False,True
ENSMUSG00000036862,10090.ENSMUSP00000077574,Dchs1,1.8480436666666664,protein_coding,1.0778860286572391,MM,True,False,False
ENSMUSG00000031807,10090.ENSMUSP00000034264,Pgls,28.85805566666667,protein_coding,4.196877760057047,MM,True,False,True
ENSMUSG00000030602,10090.ENSMUSP00000040486,Pak4,8.929762,protein_coding,2.6710980556464734,MM,True,False,False
ENSMUSG00000021134,10090.ENSMUSP00000105985,Srsf5,235.49436466666666,protein_coding,7.156575358018437,MM,True,False,True
ENSMUSG00000021748,10090.ENSMUSP00000022268,Pdhb,252.90772,protein_coding,7.258829094669491,MM,True,True,True
ENSMUSG00000044252,10090.ENSMUSP00000073957,Osbpl1a,142.10058600000002,protein_coding,6.434186484069952,MM,True,False,True
ENSMUSG00000020922,10090.ENSMUSP00000021297,Lsm12,71.94181300000002,protein_coding,5.4688850958544295,MM,True,False,True
ENSMUSG00000053317,10090.ENSMUSP00000067681,Sec61b,46.42599366666666,protein_coding,4.8541155175830655,MM,True,False,True
ENSMUSG00000025758,10090.ENSMUSP00000026858,Plk4,32.05595033333333,protein_coding,4.342060962701644,MM,True,False,True
ENSMUSG00000030002,10090.ENSMUSP00000032071,Dusp11,10.265489666666666,protein_coding,2.8428624061250005,MM,True,False,False
ENSMUSG00000034216,10090.ENSMUSP00000036915,Vps18,1.066668,protein_coding,0.714920705804412,MM,True,False,True
ENSMUSG00000031954,10090.ENSMUSP00000034432,Cfdp1,118.49833166666667,protein_coding,6.175983530523899,MM,True,False,True
ENSMUSG00000029229,10090.ENSMUSP00000074903,Chic2,119.44143166666667,protein_coding,6.1867144277226584,MM,True,False,True
ENSMUSG00000045915,10090.ENSMUSP00000114381,Ccdc42,300.79826899999995,protein_coding,7.507109755038531,MM,True,True,True
ENSMUSG00000024597,10090.ENSMUSP00000111023,Slc12a2,8.192204333333333,protein_coding,2.5678711205421623,MM,True,False,True
ENSMUSG00000021767,10090.ENSMUSP00000138421,Kat6b,7.282603333333333,protein_coding,2.4280186316363137,MM,True,True,True
ENSMUSG00000041426,10090.ENSMUSP00000045606,Hibch,7.680634333333333,protein_coding,2.490587757573297,MM,True,False,True
ENSMUSG00000022637,10090.ENSMUSP00000110115,Cblb,22.348546,protein_coding,3.852495269243645,MM,True,False,True
ENSMUSG00000015377,10090.ENSMUSP00000077978,Dennd6b,8.617673,protein_coding,2.6276810719840062,MM,True,False,True
ENSMUSG00000047459,10090.ENSMUSP00000105304,Dynlrb1,6.297798666666668,protein_coding,2.2596987285215735,MM,True,False,True
ENSMUSG00000066643,10090.ENSMUSP00000082895,Wdr35,142.80256666666668,protein_coding,6.441276524406975,MM,True,False,True
ENSMUSG00000039263,10090.ENSMUSP00000042808,Npepl1,6.767006666666667,protein_coding,2.3424250336253105,MM,True,False,True
ENSMUSG00000027193,10090.ENSMUSP00000028617,Api5,60.28543733333333,protein_coding,5.219967894129587,MM,True,True,True
ENSMUSG00000034152,10090.ENSMUSP00000039416,Exoc3,37.914739000000004,protein_coding,4.573426073432542,MM,True,False,True
ENSMUSG00000006398,10090.ENSMUSP00000006565,Cdc20,101.730858,protein_coding,5.95832726427071,MM,True,True,True
ENSMUSG00000040761,10090.ENSMUSP00000101412,Spen,11.411298000000002,protein_coding,2.9746262842731324,MM,True,False,False
ENSMUSG00000003528,10090.ENSMUSP00000003622,Slc25a1,20.690329,protein_coding,3.7490231019584432,MM,True,False,True
ENSMUSG00000033882,10090.ENSMUSP00000045511,Rbm46,63.01388433333333,protein_coding,5.28236498704659,MM,True,True,False
ENSMUSG00000020519,10090.ENSMUSP00000020826,Sap30l,3.6404576666666655,protein_coding,1.6732740381725344,MM,True,False,True
ENSMUSG00000022195,10090.ENSMUSP00000055656,6030458C11Rik,1.4670523333333332,protein_coding,0.9132229971964319,MM,True,False,True
ENSMUSG00000015488,10090.ENSMUSP00000109639,Cacfd1,5.920175666666666,protein_coding,2.188639243962802,MM,True,False,False
ENSMUSG00000027312,10090.ENSMUSP00000028781,Atrn,1.5089346666666668,protein_coding,0.9319817755637547,MM,True,False,True
ENSMUSG00000039849,10090.ENSMUSP00000039555,Pcif1,9.757335666666668,protein_coding,2.7794622228561208,MM,True,False,False
ENSMUSG00000041084,10090.ENSMUSP00000046480,Ostc,33.59311433333334,protein_coding,4.406644714095189,MM,True,False,True
ENSMUSG00000072235,10090.ENSMUSP00000094778,Tuba1a,7.327519666666666,protein_coding,2.4349449519917785,MM,True,False,True
ENSMUSG00000038943,10090.ENSMUSP00000129675,Prc1,307.8872783333333,protein_coding,7.540767129439796,MM,True,False,True
ENSMUSG00000028085,10090.ENSMUSP00000119949,Gatb,16.794166,protein_coding,3.472679511520991,MM,True,False,True
ENSMUSG00000031357,10090.ENSMUSP00000033723,Syap1,5.096695666666666,protein_coding,2.023870392498887,MM,True,False,False
ENSMUSG00000004610,10090.ENSMUSP00000004729,Etfb,30.93867766666667,protein_coding,4.292558727650051,MM,True,False,True
ENSMUSG00000036057,10090.ENSMUSP00000039580,Ptpn23,15.740775333333332,protein_coding,3.3871899144734714,MM,True,False,False
ENSMUSG00000015092,10090.ENSMUSP00000015236,Edf1,112.61691266666666,protein_coding,6.101961381327582,MM,True,False,True
ENSMUSG00000040054,10090.ENSMUSP00000129803,Baz2a,60.622701,protein_coding,5.227556992655666,MM,True,True,True
ENSMUSG00000016921,10090.ENSMUSP00000119065,Srsf6,134.11218266666665,protein_coding,6.352023262510374,MM,True,False,True
ENSMUSG00000074656,10090.ENSMUSP00000096777,Eif2s2,268.6841073333333,protein_coding,7.345834651275447,MM,True,False,True
ENSMUSG00000033819,10090.ENSMUSP00000037356,Ppp1r16a,23.45301233333333,protein_coding,3.916260096540233,MM,True,True,True
ENSMUSG00000008301,10090.ENSMUSP00000008445,Phax,16.499310666666666,protein_coding,3.450141109277065,MM,True,False,False
ENSMUSG00000073730,10090.ENSMUSP00000072920,4933415F23Rik,579.2014363333334,protein_coding,8.448745265942602,MM,True,False,False
ENSMUSG00000024231,10090.ENSMUSP00000125403,Cul2,19.565761333333327,protein_coding,3.6750484345555687,MM,True,False,True
ENSMUSG00000038102,10090.ENSMUSP00000047562,Trappc11,14.718430999999999,protein_coding,3.300626944517579,MM,True,False,True
ENSMUSG00000035681,10090.ENSMUSP00000089814,Kcnc2,2.9828113333333333,protein_coding,1.4822072296304496,MM,True,True,False
ENSMUSG00000001924,10090.ENSMUSP00000001989,Uba1,13.257847333333332,protein_coding,3.166255626451134,MM,True,False,True
ENSMUSG00000027333,10090.ENSMUSP00000105815,Smox,1.073452,protein_coding,0.7185932425322747,MM,True,False,False
ENSMUSG00000025234,10090.ENSMUSP00000126531,Arih1,50.58597699999999,protein_coding,4.9740596412526505,MM,True,False,True
ENSMUSG00000027259,10090.ENSMUSP00000113052,Adal,11.604418333333333,protein_coding,2.9966335740415198,MM,True,False,True
ENSMUSG00000058672,10090.ENSMUSP00000060246,Tubb2a,1.3246589999999998,protein_coding,0.8453337463330082,MM,True,False,True
ENSMUSG00000030759,10090.ENSMUSP00000064334,Far1,39.471557666666655,protein_coding,4.629243978602874,MM,True,False,False
ENSMUSG00000022702,10090.ENSMUSP00000004222,Hira,7.947139333333332,protein_coding,2.530881364342378,MM,True,False,True
ENSMUSG00000020962,10090.ENSMUSP00000021345,Gtf2a1,20.433354,protein_coding,3.7327292904846945,MM,True,False,True
ENSMUSG00000024081,10090.ENSMUSP00000024885,Cebpz,77.88718133333333,protein_coding,5.580940838279743,MM,True,False,True
ENSMUSG00000057036,10090.ENSMUSP00000076607,Gm7536,266.2563373333333,processed_pseudogene,7.332128997267269,MM,True,False,True
ENSMUSG00000062456,10090.ENSMUSP00000127859,Rpl9-ps6,38.544994333333335,protein_coding,4.596055505944213,MM,True,False,True
ENSMUSG00000067787,10090.ENSMUSP00000105154,Blcap,8.253835,protein_coding,2.5765950165668343,MM,True,False,True
ENSMUSG00000024795,10090.ENSMUSP00000084599,Kif20b,43.38892866666666,protein_coding,4.760694952730758,MM,True,True,False
ENSMUSG00000042505,10090.ENSMUSP00000040935,Sdhaf3,1.2375133333333332,protein_coding,0.8022456149499471,MM,True,False,True
ENSMUSG00000021368,10090.ENSMUSP00000137280,Tbc1d7,46.755534999999995,protein_coding,4.8643225399659915,MM,True,False,True
ENSMUSG00000017485,10090.ENSMUSP00000017629,Top2b,6.1978833333333325,protein_coding,2.2415216167840972,MM,True,False,True
ENSMUSG00000073676,10090.ENSMUSP00000074724,Hspe1,25.869503,protein_coding,4.05006092756317,MM,True,False,True
ENSMUSG00000039347,10090.ENSMUSP00000044110,Atp6v0e2,8.042521333333333,protein_coding,2.545212567871615,MM,True,False,False
ENSMUSG00000038212,10090.ENSMUSP00000118180,Mfsd14b,2.0226436666666667,protein_coding,1.1484083277417794,MM,True,False,False
ENSMUSG00000029146,10090.ENSMUSP00000031029,Snx17,19.433733,protein_coding,3.665514696058519,MM,True,False,False
ENSMUSG00000019969,10090.ENSMUSP00000098786,Psen1,96.99634566666668,protein_coding,5.890883553322731,MM,True,False,True
ENSMUSG00000039879,10090.ENSMUSP00000040707,Heca,11.847372333333333,protein_coding,3.022447713925792,MM,True,False,False
ENSMUSG00000046562,10090.ENSMUSP00000055475,Unc119b,2.990547333333333,protein_coding,1.4849800377796532,MM,True,False,True
ENSMUSG00000019791,10090.ENSMUSP00000125552,Hint3,46.68278633333333,protein_coding,4.8624191712724905,MM,True,False,True
ENSMUSG00000028756,10090.ENSMUSP00000030536,Pink1,162.2831623333333,protein_coding,6.623117062648942,MM,True,True,True
ENSMUSG00000039763,10090.ENSMUSP00000048113,Dnajc28,78.53660066666667,protein_coding,5.591956786366472,MM,True,False,False
ENSMUSG00000037808,10090.ENSMUSP00000062642,Fam76b,9.118912,protein_coding,2.6974402355911065,MM,True,False,False
ENSMUSG00000010796,10090.ENSMUSP00000010940,Asz1,77.27653233333334,protein_coding,5.569687638477858,MM,True,True,True
ENSMUSG00000013787,10090.ENSMUSP00000013931,Ehmt2,128.68003566666667,protein_coding,6.293380294419194,MM,True,False,False
ENSMUSG00000090100,10090.ENSMUSP00000028740,Ttbk2,66.63876966666668,protein_coding,5.360827318573653,MM,True,False,True
ENSMUSG00000010911,10090.ENSMUSP00000011055,Apip,54.34665533333333,protein_coding,5.074375729554432,MM,True,True,True
ENSMUSG00000026975,10090.ENSMUSP00000028351,Dph7,6.475375333333335,protein_coding,2.290997887957327,MM,True,False,False
ENSMUSG00000008958,10090.ENSMUSP00000009102,Vps72,34.000488999999995,protein_coding,4.422483252473344,MM,True,False,True
ENSMUSG00000020430,10090.ENSMUSP00000105612,Pes1,50.31403233333333,protein_coding,4.966099365627562,MM,True,False,True
ENSMUSG00000032518,10090.ENSMUSP00000035105,Rpsa,23.45681066666667,protein_coding,3.9168126290504848,MM,True,False,True
ENSMUSG00000078184,10090.ENSMUSP00000100599,Rbm8a2,1.684244,protein_coding,1.0093368996797494,MM,True,False,True
ENSMUSG00000046201,10090.ENSMUSP00000076024,Scaf8,12.254934333333333,protein_coding,3.0657101066294787,MM,True,False,True
ENSMUSG00000023018,10090.ENSMUSP00000023759,Smarcd1,23.98164866666666,protein_coding,3.949057846557938,MM,True,True,True
ENSMUSG00000021112,10090.ENSMUSP00000080683,Mpp5,24.02857966666667,protein_coding,3.9500998234975038,MM,True,False,True
ENSMUSG00000032383,10090.ENSMUSP00000034947,Ppib,54.37653733333334,protein_coding,5.075026215665209,MM,True,False,True
ENSMUSG00000033931,10090.ENSMUSP00000048450,Rbm34,15.357057999999999,protein_coding,3.356151089429937,MM,True,False,True
ENSMUSG00000005142,10090.ENSMUSP00000034121,Man2b1,5.878274,protein_coding,2.1811630991978905,MM,True,False,False
ENSMUSG00000036943,10090.ENSMUSP00000041857,Rab8b,25.35896166666667,protein_coding,4.023126574634022,MM,True,False,False
ENSMUSG00000026872,10090.ENSMUSP00000069685,Zeb2,1.3523083333333334,protein_coding,0.8591951338169594,MM,True,False,False
ENSMUSG00000020116,10090.ENSMUSP00000020317,Pno1,55.40427133333333,protein_coding,5.1015264288281275,MM,True,False,True
ENSMUSG00000019338,10090.ENSMUSP00000019482,Zfp687,10.140100000000002,protein_coding,2.827531879410616,MM,True,False,True
ENSMUSG00000003423,10090.ENSMUSP00000082490,Pih1d1,192.5339713333333,protein_coding,6.867094697338651,MM,True,False,True
ENSMUSG00000024422,10090.ENSMUSP00000025292,Dhx16,56.329614,protein_coding,5.123889345049816,MM,True,False,True
ENSMUSG00000036598,10090.ENSMUSP00000049497,Ccdc113,956.7955526666666,protein_coding,9.171154293268785,MM,True,False,True
ENSMUSG00000005417,10090.ENSMUSP00000112072,Mprip,226.9051716666667,protein_coding,7.103017294344778,MM,True,False,False
ENSMUSG00000026361,10090.ENSMUSP00000018337,Cdc73,11.903113666666668,protein_coding,3.0288491186632918,MM,True,False,True
ENSMUSG00000038914,10090.ENSMUSP00000084794,Dido1,21.205220666666666,protein_coding,3.781926502631962,MM,True,False,False
ENSMUSG00000040188,10090.ENSMUSP00000038350,Scamp2,33.024953333333336,protein_coding,4.3824207655236105,MM,True,False,False
ENSMUSG00000066232,10090.ENSMUSP00000081782,Ipo7,25.229080666666665,protein_coding,4.01629671425728,MM,True,False,True
ENSMUSG00000027634,10090.ENSMUSP00000070052,Ndrg3,130.18988033333335,protein_coding,6.309579420810343,MM,True,False,False
ENSMUSG00000006818,10090.ENSMUSP00000007012,Sod2,92.42275266666668,protein_coding,5.822490307572405,MM,True,True,True
ENSMUSG00000031010,10090.ENSMUSP00000086716,Usp9x,4.864953666666668,protein_coding,1.9734000443599677,MM,True,False,True
ENSMUSG00000022353,10090.ENSMUSP00000079239,Mtss1,1.6033783333333331,protein_coding,0.9738740161641221,MM,True,False,False
ENSMUSG00000029714,10090.ENSMUSP00000031727,Gigyf1,2.804869666666667,protein_coding,1.4254890249080736,MM,True,True,True
ENSMUSG00000068798,10090.ENSMUSP00000088174,Rap1a,10.554995666666663,protein_coding,2.8783227168300085,MM,True,False,True
ENSMUSG00000038312,10090.ENSMUSP00000041202,Edem2,18.20294433333333,protein_coding,3.578847762087302,MM,True,False,True
ENSMUSG00000028630,10090.ENSMUSP00000004281,Dyrk2,1.819022,protein_coding,1.066266953987098,MM,True,False,False
ENSMUSG00000020018,10090.ENSMUSP00000020203,Snrpf,18.602872,protein_coding,3.607371981140049,MM,True,False,True
ENSMUSG00000056486,10090.ENSMUSP00000107655,Chn1,38.49192866666667,protein_coding,4.595328942354794,MM,True,True,False
ENSMUSG00000025436,10090.ENSMUSP00000128382,Atp23,7.515245333333333,protein_coding,2.46463237341945,MM,True,False,False
ENSMUSG00000032306,10090.ENSMUSP00000034856,Mpi,225.60982266666667,protein_coding,7.094762980341636,MM,True,False,True
ENSMUSG00000040738,10090.ENSMUSP00000038418,Ints8,17.807927333333335,protein_coding,3.550685311158439,MM,True,False,False
ENSMUSG00000019977,10090.ENSMUSP00000020153,Hbs1l,99.78901166666668,protein_coding,5.931525866273185,MM,True,False,True
ENSMUSG00000024999,10090.ENSMUSP00000025963,Noc3l,10.711394333333336,protein_coding,2.8958996778552786,MM,True,False,True
ENSMUSG00000003810,10090.ENSMUSP00000102095,Mast2,41.38643366666667,protein_coding,4.694458444582089,MM,True,False,True
ENSMUSG00000060373,10090.ENSMUSP00000107237,Hnrnpc,251.06693533333336,protein_coding,7.248457002407612,MM,True,False,True
ENSMUSG00000020100,10090.ENSMUSP00000112685,Slc29a3,4.037357,protein_coding,1.7778423181084502,MM,True,False,False
ENSMUSG00000036591,10090.ENSMUSP00000133851,Arhgap21,1.098843,protein_coding,0.7318867459733374,MM,True,False,True
ENSMUSG00000042189,10090.ENSMUSP00000042063,Tekt3,303.4369913333333,protein_coding,7.519867288309027,MM,True,False,False
ENSMUSG00000028651,10090.ENSMUSP00000030404,Ppie,13.931472333333332,protein_coding,3.229998422325764,MM,True,False,True
ENSMUSG00000009647,10090.ENSMUSP00000020312,Mcu,3.241194,protein_coding,1.5606433885047828,MM,True,False,True
ENSMUSG00000010045,10090.ENSMUSP00000010189,Tmem115,21.096416666666666,protein_coding,3.773868712669204,MM,True,True,True
ENSMUSG00000021366,10090.ENSMUSP00000056147,Hivep1,10.689179666666668,protein_coding,2.8931040041453624,MM,True,False,False
ENSMUSG00000090841,10090.ENSMUSP00000128803,Myl6,115.36204533333334,protein_coding,6.137546974720389,MM,True,False,True
ENSMUSG00000032458,10090.ENSMUSP00000035033,Copb2,53.98687233333334,protein_coding,5.065206795187912,MM,True,False,True
ENSMUSG00000051329,10090.ENSMUSP00000059289,Nup160,9.233752,protein_coding,2.7127503492553604,MM,True,False,True
ENSMUSG00000022765,10090.ENSMUSP00000023449,Snap29,44.10830433333333,protein_coding,4.783485797832801,MM,True,False,True
ENSMUSG00000030330,10090.ENSMUSP00000121519,Ing4,13.854297333333335,protein_coding,3.222830727941662,MM,True,False,True
ENSMUSG00000020580,10090.ENSMUSP00000020904,Rock2,7.358638333333333,protein_coding,2.440386788142005,MM,True,False,True
ENSMUSG00000053898,10090.ENSMUSP00000066092,Ech1,61.18262366666666,protein_coding,5.239698431725556,MM,True,False,True
ENSMUSG00000026914,10090.ENSMUSP00000028278,Psmd14,188.90291833333336,protein_coding,6.840821676814775,MM,True,True,True
ENSMUSG00000001855,10090.ENSMUSP00000066492,Nup214,16.046562666666667,protein_coding,3.412512874574008,MM,True,False,True
ENSMUSG00000003344,10090.ENSMUSP00000003434,Btbd2,5.604623666666666,protein_coding,2.1275572363584847,MM,True,False,False
ENSMUSG00000027546,10090.ENSMUSP00000104805,Atp9a,15.073917000000002,protein_coding,3.331579397917142,MM,True,False,True
ENSMUSG00000018068,10090.ENSMUSP00000018212,Ints2,6.310239666666668,protein_coding,2.2618193254015297,MM,True,False,True
ENSMUSG00000101959,10090.ENSMUSP00000139572,Ldhal6b,815.8183389999999,protein_coding,8.941527245939861,MM,True,False,True
ENSMUSG00000040548,10090.ENSMUSP00000041985,Tex2,136.477018,protein_coding,6.376419540256748,MM,True,False,True
ENSMUSG00000027618,10090.ENSMUSP00000029147,Nfs1,44.80961600000001,protein_coding,4.804658858475044,MM,True,True,True
ENSMUSG00000022378,10090.ENSMUSP00000066359,Fam49b,23.851246000000003,protein_coding,3.9400925617814706,MM,True,False,True
ENSMUSG00000004394,10090.ENSMUSP00000004508,Tmed4,95.79556266666668,protein_coding,5.87314324590493,MM,True,False,True
ENSMUSG00000020444,10090.ENSMUSP00000127566,Guk1,85.47886899999997,protein_coding,5.711556256594665,MM,True,False,True
ENSMUSG00000025155,10090.ENSMUSP00000026151,Dus1l,54.603554,protein_coding,5.080599127279137,MM,True,False,True
ENSMUSG00000028669,10090.ENSMUSP00000101477,Pithd1,114.59295133333332,protein_coding,6.126957401480515,MM,True,False,True
ENSMUSG00000031959,10090.ENSMUSP00000043671,Wdr59,2.995137,protein_coding,1.4859890251828007,MM,True,False,False
ENSMUSG00000033653,10090.ENSMUSP00000093905,Vps8,3.4611203333333336,protein_coding,1.6234305233964754,MM,True,False,True
ENSMUSG00000031563,10090.ENSMUSP00000056121,Wwc2,49.867050000000006,protein_coding,4.953773818113942,MM,True,False,False
ENSMUSG00000030452,10090.ENSMUSP00000114020,Nipa2,3.861370333333333,protein_coding,1.732215065759953,MM,True,False,True
ENSMUSG00000034105,10090.ENSMUSP00000044430,Meak7,8.269175666666667,protein_coding,2.5784297161599428,MM,True,True,True
ENSMUSG00000036882,10090.ENSMUSP00000038412,Arhgap33,13.790849333333336,protein_coding,3.2160043179946713,MM,True,False,False
ENSMUSG00000032827,10090.ENSMUSP00000046906,Ppp1r9a,1.930456333333333,protein_coding,1.1119950135224443,MM,True,False,True
ENSMUSG00000021417,10090.ENSMUSP00000131735,Eci2,6.729539,protein_coding,2.3363826113982764,MM,True,False,False
ENSMUSG00000015357,10090.ENSMUSP00000015501,Clpx,140.39098133333331,protein_coding,6.417328381103402,MM,True,False,True
ENSMUSG00000090137,10090.ENSMUSP00000120096,Uba52,89.449837,protein_coding,5.776074633669228,MM,True,False,True
ENSMUSG00000042699,10090.ENSMUSP00000038135,Dhx9,53.54264066666667,protein_coding,5.053682927335602,MM,True,False,True
ENSMUSG00000029246,10090.ENSMUSP00000120632,Ppat,3.94609,protein_coding,1.7548756755778685,MM,True,False,True
ENSMUSG00000053644,10090.ENSMUSP00000133372,Aldh7a1,8.646138666666667,protein_coding,2.631210394369871,MM,True,False,True
ENSMUSG00000024913,10090.ENSMUSP00000025856,Lrp5,4.617872333333334,protein_coding,1.9168204298677693,MM,True,False,False
ENSMUSG00000025006,10090.ENSMUSP00000097066,Sorbs1,3.7941199999999995,protein_coding,1.7143432695383656,MM,True,False,True
ENSMUSG00000039224,10090.ENSMUSP00000035261,D1Pas1,216.557683,protein_coding,7.036544235893342,MM,True,False,False
ENSMUSG00000026791,10090.ENSMUSP00000028129,Slc2a8,23.09477933333333,protein_coding,3.895506956341229,MM,True,False,True
ENSMUSG00000001416,10090.ENSMUSP00000001452,Cct3,577.6513266666667,protein_coding,8.444876840071126,MM,True,True,True
ENSMUSG00000034259,10090.ENSMUSP00000050940,Exosc4,5.792876000000001,protein_coding,2.1637557967767287,MM,True,False,True
ENSMUSG00000024768,10090.ENSMUSP00000025680,Lipf,1.3017506666666667,protein_coding,0.8347945313631782,MM,True,False,False
ENSMUSG00000021879,10090.ENSMUSP00000022433,Dnah12,34.57608033333333,protein_coding,4.446356950311806,MM,True,False,True
ENSMUSG00000000149,10090.ENSMUSP00000000153,Gna12,18.296346000000003,protein_coding,3.585365597516403,MM,True,False,True
ENSMUSG00000028029,10090.ENSMUSP00000029663,Aimp1,158.96467099999995,protein_coding,6.5943956034281435,MM,True,False,True
ENSMUSG00000004771,10090.ENSMUSP00000129163,Rab11a,97.157542,protein_coding,5.894124933626299,MM,True,False,True
ENSMUSG00000047879,10090.ENSMUSP00000089728,Usp14,19.631145999999998,protein_coding,3.6794906463886887,MM,True,False,True
ENSMUSG00000041138,10090.ENSMUSP00000089358,Nme8,153.587855,protein_coding,6.545261964235683,MM,True,False,True
ENSMUSG00000068604,10090.ENSMUSP00000110610,Gm8225,1.6806063333333334,processed_pseudogene,1.0071701403729483,MM,True,False,True
ENSMUSG00000009207,10090.ENSMUSP00000066891,Lnpk,56.74122533333333,protein_coding,5.1355759928787466,MM,True,False,True
ENSMUSG00000031295,10090.ENSMUSP00000033652,Phka2,1.433676,protein_coding,0.8973240800967403,MM,True,False,True
ENSMUSG00000036622,10090.ENSMUSP00000039648,Atp13a2,3.519711,protein_coding,1.639375422160664,MM,True,False,False
ENSMUSG00000068917,10090.ENSMUSP00000113390,Clk2,49.12252833333333,protein_coding,4.932696558230284,MM,True,False,False
ENSMUSG00000068240,10090.ENSMUSP00000086852,Gm11808,123.45749633333332,protein_coding,6.233272953723288,MM,True,False,True
ENSMUSG00000067608,10090.ENSMUSP00000137596,Pcna-ps2,44.18328233333333,processed_pseudogene,4.785870371228669,MM,True,False,True
ENSMUSG00000069495,10090.ENSMUSP00000089758,Epc2,12.312936333333333,protein_coding,3.071534785102495,MM,True,False,True
ENSMUSG00000060147,10090.ENSMUSP00000017188,Serpinb6a,454.286265,protein_coding,8.099888722696864,MM,True,False,True
ENSMUSG00000042426,10090.ENSMUSP00000035244,Dhx29,21.725568666666664,protein_coding,3.8143928155441293,MM,True,False,False
ENSMUSG00000063785,10090.ENSMUSP00000079538,Utp14a,1.9010813333333336,protein_coding,1.099983897354521,MM,True,False,True
ENSMUSG00000004880,10090.ENSMUSP00000005003,Lbr,20.369059333333333,protein_coding,3.7284538083326493,MM,True,True,False
ENSMUSG00000005656,10090.ENSMUSP00000005798,Snx6,32.136308666666665,protein_coding,4.345903372878709,MM,True,False,False
ENSMUSG00000021373,10090.ENSMUSP00000021802,Cap2,29.00426133333333,protein_coding,4.20539545864546,MM,True,False,False
ENSMUSG00000024790,10090.ENSMUSP00000109161,Sac3d1,10.013671333333333,protein_coding,2.8117079665401317,MM,True,False,True
ENSMUSG00000025862,10090.ENSMUSP00000063250,Stag2,5.701657999999999,protein_coding,2.1476469783578644,MM,True,False,True
ENSMUSG00000024811,10090.ENSMUSP00000025729,Tnks2,2.8204803333333337,protein_coding,1.431203594630388,MM,True,False,True
ENSMUSG00000035898,10090.ENSMUSP00000035328,Uba6,4.476735333333334,protein_coding,1.884960974720448,MM,True,False,True
ENSMUSG00000092074,10090.ENSMUSP00000127990,Dynlt1a,124.87557466666664,protein_coding,6.251305561742486,MM,True,False,False
ENSMUSG00000020877,10090.ENSMUSP00000021249,Scrn2,2.174336333333333,protein_coding,1.20551429650278,MM,True,False,False
ENSMUSG00000017843,10090.ENSMUSP00000082053,Ppp2r5c,305.44065333333333,protein_coding,7.529028196317198,MM,True,False,True
ENSMUSG00000032215,10090.ENSMUSP00000034738,Rsl24d1,39.00040066666667,protein_coding,4.612495345621196,MM,True,False,False
ENSMUSG00000025240,10090.ENSMUSP00000026270,Sacm1l,4.444705666666668,protein_coding,1.8776247728411213,MM,True,False,True
ENSMUSG00000037062,10090.ENSMUSP00000129800,Sh3glb1,950.2764689999999,protein_coding,9.161571347893114,MM,True,False,False
ENSMUSG00000022946,10090.ENSMUSP00000044437,Dop1b,5.381761,protein_coding,2.0829280353869937,MM,True,False,True
ENSMUSG00000059355,10090.ENSMUSP00000078697,Wdr83os,9.777735,protein_coding,2.7829906979346255,MM,True,False,False
ENSMUSG00000039449,10090.ENSMUSP00000041428,Prpf18,29.807604,protein_coding,4.2426952276702,MM,True,False,True
ENSMUSG00000016503,10090.ENSMUSP00000119607,Gtf3a,6.782170333333332,protein_coding,2.3440406688869806,MM,True,False,True
ENSMUSG00000028467,10090.ENSMUSP00000030189,Gba2,54.156666,protein_coding,5.069173574206995,MM,True,False,True
ENSMUSG00000030638,10090.ENSMUSP00000032874,Sh3gl3,278.472524,protein_coding,7.396770822829028,MM,True,True,True
ENSMUSG00000027804,10090.ENSMUSP00000029382,Ppid,95.40073133333334,protein_coding,5.867632826912864,MM,True,False,True
ENSMUSG00000029408,10090.ENSMUSP00000031354,Abcb9,13.037642666666665,protein_coding,3.143348408605268,MM,True,True,False
ENSMUSG00000002524,10090.ENSMUSP00000098096,Puf60,92.96880366666666,protein_coding,5.830412214469831,MM,True,False,True
ENSMUSG00000030611,10090.ENSMUSP00000032840,Mrps11,67.818118,protein_coding,5.384103595930794,MM,True,True,True
ENSMUSG00000056899,10090.ENSMUSP00000118779,Immp2l,70.740522,protein_coding,5.444581831628912,MM,True,True,True
ENSMUSG00000062762,10090.ENSMUSP00000132270,Ei24,15.526469666666666,protein_coding,3.3703944329663966,MM,True,False,False
ENSMUSG00000036990,10090.ENSMUSP00000133939,Otud4,15.799266666666668,protein_coding,3.3931523870421203,MM,True,False,False
ENSMUSG00000059540,10090.ENSMUSP00000099331,Tcea2,523.566152,protein_coding,8.303379011250783,MM,True,False,False
ENSMUSG00000029804,10090.ENSMUSP00000040025,Herc3,1.561640666666667,protein_coding,0.9559473306565983,MM,True,False,True
ENSMUSG00000034575,10090.ENSMUSP00000040757,Tent4a,2.320596333333333,protein_coding,1.2608115450146116,MM,True,False,False
ENSMUSG00000003872,10090.ENSMUSP00000003971,Lin7b,3.2673590000000003,protein_coding,1.5675180277405865,MM,True,False,True
ENSMUSG00000028367,10090.ENSMUSP00000030051,Txn1,4.772658666666667,protein_coding,1.9529931285830868,MM,True,False,True
ENSMUSG00000022681,10090.ENSMUSP00000023362,Ntan1,9.946545,protein_coding,2.8044545272926897,MM,True,False,True
ENSMUSG00000036845,10090.ENSMUSP00000048557,Lin37,27.486769,protein_coding,4.132383510774529,MM,True,False,True
ENSMUSG00000027770,10090.ENSMUSP00000029336,Dhx36,24.292593666666665,protein_coding,3.9649326663130036,MM,True,False,True
ENSMUSG00000061802,10090.ENSMUSP00000080028,Armc4,29.512319,protein_coding,4.228900428075396,MM,True,False,True
ENSMUSG00000010048,10090.ENSMUSP00000010192,Ifrd2,1.6963906666666668,protein_coding,1.0139821914149008,MM,True,False,False
ENSMUSG00000026034,10090.ENSMUSP00000034868,Clk1,62.78303400000001,protein_coding,5.277131532595263,MM,True,False,True
ENSMUSG00000021890,10090.ENSMUSP00000022446,Eaf1,7.778112666666666,protein_coding,2.5055757714275426,MM,True,False,False
ENSMUSG00000037791,10090.ENSMUSP00000044990,Phf12,11.37442966666667,protein_coding,2.970947806748076,MM,True,False,True
ENSMUSG00000038072,10090.ENSMUSP00000036240,Galnt11,1.279507333333333,protein_coding,0.8236605136406738,MM,True,False,True
ENSMUSG00000019944,10090.ENSMUSP00000020101,Rhobtb1,35.675545666666665,protein_coding,4.487625604203106,MM,True,False,True
ENSMUSG00000078515,10090.ENSMUSP00000099542,Ddi2,5.855291666666666,protein_coding,2.177034900932897,MM,True,True,False
ENSMUSG00000007603,10090.ENSMUSP00000007747,Dus3l,15.077440333333335,protein_coding,3.330721207918564,MM,True,False,True
ENSMUSG00000022948,10090.ENSMUSP00000109584,Setd4,3.0883746666666667,protein_coding,1.5140247723630675,MM,True,False,False
ENSMUSG00000027939,10090.ENSMUSP00000029548,Nup210l,42.12515,protein_coding,4.7191056803733265,MM,True,False,False
ENSMUSG00000040189,10090.ENSMUSP00000042772,Ccdc114,42.919546666666655,protein_coding,4.744755600279278,MM,True,True,True
ENSMUSG00000017176,10090.ENSMUSP00000090360,Nt5c3b,26.391694666666666,protein_coding,4.0762612391832045,MM,True,False,True
ENSMUSG00000023106,10090.ENSMUSP00000023869,Denr,87.78627,protein_coding,5.750255685069484,MM,True,False,True
ENSMUSG00000026088,10090.ENSMUSP00000027257,Mitd1,4.556007,protein_coding,1.904057825726373,MM,True,False,True
ENSMUSG00000027248,10090.ENSMUSP00000028683,Pdia3,427.5055033333333,protein_coding,8.012417327093385,MM,True,False,True
ENSMUSG00000040749,10090.ENSMUSP00000043215,Siah1b,1.587254333333333,protein_coding,0.9664755046777729,MM,True,False,True
ENSMUSG00000014769,10090.ENSMUSP00000014913,Psmb1,113.03385166666664,protein_coding,6.108317655667875,MM,True,False,True
ENSMUSG00000035354,10090.ENSMUSP00000045297,Uvrag,4.259834333333333,protein_coding,1.832840472347574,MM,True,False,True
ENSMUSG00000044700,10090.ENSMUSP00000050481,Tmem201,3.2391746666666665,protein_coding,1.5594779449926688,MM,True,False,True
ENSMUSG00000021288,10090.ENSMUSP00000082004,Klc1,10.058113666666666,protein_coding,2.816502909269806,MM,True,False,True
ENSMUSG00000030465,10090.ENSMUSP00000091178,Psd3,16.988502333333333,protein_coding,3.4894971656560387,MM,True,False,True
ENSMUSG00000027011,10090.ENSMUSP00000028398,Ube2e3,33.16901533333333,protein_coding,4.389623641998612,MM,True,False,True
ENSMUSG00000033658,10090.ENSMUSP00000038551,Ddx19b,67.30676,protein_coding,5.374711340255254,MM,True,True,True
ENSMUSG00000021302,10090.ENSMUSP00000126603,Ggps1,16.660162,protein_coding,3.4620517078546653,MM,True,False,True
ENSMUSG00000025580,10090.ENSMUSP00000026667,Eif4a3,107.60431399999999,protein_coding,6.038101179154886,MM,True,False,True
ENSMUSG00000020547,10090.ENSMUSP00000020856,Bzw2,1.191409333333333,protein_coding,0.7790372220579176,MM,True,False,True
ENSMUSG00000031729,10090.ENSMUSP00000034164,Ist1,34.610746,protein_coding,4.447498750723733,MM,True,False,False
ENSMUSG00000021236,10090.ENSMUSP00000071939,Entpd5,10.386018666666663,protein_coding,2.8574630575609294,MM,True,False,True
ENSMUSG00000020260,10090.ENSMUSP00000020493,Pofut2,21.717942,protein_coding,3.8130936975958765,MM,True,False,True
ENSMUSG00000031578,10090.ENSMUSP00000033983,Mak16,48.53940966666666,protein_coding,4.916827386887602,MM,True,False,True
ENSMUSG00000032060,10090.ENSMUSP00000034562,Cryab,1.0565966666666666,protein_coding,0.7097267607743682,MM,True,False,False
ENSMUSG00000028410,10090.ENSMUSP00000030118,Dnaja1,218.999654,protein_coding,7.052761918602778,MM,True,False,False
ENSMUSG00000038459,10090.ENSMUSP00000112988,Abhd17c,13.888867000000001,protein_coding,3.2256278471634774,MM,True,False,True
ENSMUSG00000045467,10090.ENSMUSP00000062795,Ttll13,198.44109066666667,protein_coding,6.9111385586236365,MM,True,False,False
ENSMUSG00000032193,10090.ENSMUSP00000034713,Ldlr,2.074612,protein_coding,1.1688970089468989,MM,True,True,True
ENSMUSG00000004451,10090.ENSMUSP00000004565,Ralb,3.5575170000000003,protein_coding,1.6508305662653302,MM,True,False,True
ENSMUSG00000062075,10090.ENSMUSP00000057291,Lmnb2,29.859355,protein_coding,4.243331366727368,MM,True,False,True
ENSMUSG00000053453,10090.ENSMUSP00000065819,Thoc7,519.373586,protein_coding,8.292206701956125,MM,True,True,True
ENSMUSG00000004945,10090.ENSMUSP00000005053,Tmem242,93.90889233333333,protein_coding,5.844841018380604,MM,True,False,True
ENSMUSG00000025745,10090.ENSMUSP00000120976,Hadha,224.229131,protein_coding,7.086060564062946,MM,True,False,True
ENSMUSG00000024213,10090.ENSMUSP00000025050,Nudt3,178.63188200000002,protein_coding,6.760821988545883,MM,True,False,True
ENSMUSG00000021051,10090.ENSMUSP00000021447,Ppp2r5e,123.60253166666666,protein_coding,6.235224230522074,MM,True,False,True
ENSMUSG00000020720,10090.ENSMUSP00000021063,Psmd12,115.67306266666668,protein_coding,6.141412891878992,MM,True,False,True
ENSMUSG00000024283,10090.ENSMUSP00000132117,Wac,53.730236,protein_coding,5.058012178387745,MM,True,False,True
ENSMUSG00000071723,10090.ENSMUSP00000109523,Gspt2,1.696804,protein_coding,1.0148527703370527,MM,True,False,True
ENSMUSG00000036748,10090.ENSMUSP00000129589,Cuedc2,15.589141333333332,protein_coding,3.3751208225447082,MM,True,False,False
ENSMUSG00000026174,10090.ENSMUSP00000084466,Cnot9,36.32306166666667,protein_coding,4.51426675394331,MM,True,True,True
ENSMUSG00000045302,10090.ENSMUSP00000074387,Preb,20.739857333333333,protein_coding,3.7524047509281475,MM,True,True,True
ENSMUSG00000002409,10090.ENSMUSP00000083064,Dyrk1b,193.46500633333332,protein_coding,6.87431391738742,MM,True,False,True
ENSMUSG00000025875,10090.ENSMUSP00000026993,Tspan17,1.0126223333333333,protein_coding,0.6848360886800634,MM,True,False,True
ENSMUSG00000022450,10090.ENSMUSP00000023085,Ndufa6,68.56896233333333,protein_coding,5.400505231768769,MM,True,False,True
ENSMUSG00000000934,10090.ENSMUSP00000000958,Top1mt,2.3868436666666666,protein_coding,1.284730087027902,MM,True,False,True
ENSMUSG00000027641,10090.ENSMUSP00000029170,Rbl1,13.942086666666668,protein_coding,3.2307418222670017,MM,True,False,True
ENSMUSG00000030533,10090.ENSMUSP00000102991,Unc45a,5.674015333333332,protein_coding,2.141080248934293,MM,True,False,True
ENSMUSG00000038957,10090.ENSMUSP00000049146,Edc3,12.544053,protein_coding,3.094981382354547,MM,True,False,True
ENSMUSG00000057342,10090.ENSMUSP00000072615,Sphk2,9.507131333333334,protein_coding,2.7474807832937125,MM,True,False,True
ENSMUSG00000079235,10090.ENSMUSP00000114787,Ccdc13,135.70822633333333,protein_coding,6.36801815283353,MM,True,False,True
ENSMUSG00000041415,10090.ENSMUSP00000043676,Dicer1,2.7044796666666664,protein_coding,1.3934068643866375,MM,True,False,True
ENSMUSG00000004043,10090.ENSMUSP00000004145,Stat5a,2.163631333333333,protein_coding,1.202323889796971,MM,True,False,True
ENSMUSG00000073481,10090.ENSMUSP00000066715,Marc2,15.055282333333333,protein_coding,3.3296679375059215,MM,True,False,True
ENSMUSG00000029510,10090.ENSMUSP00000124459,Gpc2,4.814827666666666,protein_coding,1.9614904732299387,MM,True,True,True
ENSMUSG00000042632,10090.ENSMUSP00000132071,Pla2g6,101.27340699999999,protein_coding,5.951287885978042,MM,True,True,True
ENSMUSG00000042302,10090.ENSMUSP00000105191,Ehbp1,60.93827733333334,protein_coding,5.234900489648486,MM,True,False,True
ENSMUSG00000040276,10090.ENSMUSP00000044168,Pacsin1,29.769447333333336,protein_coding,4.240409640746529,MM,True,False,True
ENSMUSG00000036273,10090.ENSMUSP00000052584,Lrrk2,2.1987243333333333,protein_coding,1.215059352401459,MM,True,False,False
ENSMUSG00000057788,10090.ENSMUSP00000008004,Ddx49,48.24321233333333,protein_coding,4.9075370826852645,MM,True,False,True
ENSMUSG00000040260,10090.ENSMUSP00000052085,Daam2,1.1268963333333335,protein_coding,0.746269764442091,MM,True,False,True
ENSMUSG00000006715,10090.ENSMUSP00000006898,Gmnn,206.649155,protein_coding,6.969240209535714,MM,True,False,False
ENSMUSG00000066407,10090.ENSMUSP00000136886,Gm10263,15.288015666666665,processed_pseudogene,3.348954719219365,MM,True,False,True
ENSMUSG00000020048,10090.ENSMUSP00000020238,Hsp90b1,1092.8835043333333,protein_coding,9.363287081441074,MM,True,True,True
ENSMUSG00000020044,10090.ENSMUSP00000020234,Timp3,4.298613666666666,protein_coding,1.8421511141128502,MM,True,False,True
ENSMUSG00000021938,10090.ENSMUSP00000022507,Pspc1,191.62886066666667,protein_coding,6.8617700087565705,MM,True,True,False
ENSMUSG00000024955,10090.ENSMUSP00000025906,Esrra,10.279268666666667,protein_coding,2.843799845162293,MM,True,True,False
ENSMUSG00000050663,10090.ENSMUSP00000057449,Trhde,1.58574,protein_coding,0.96634998719081,MM,True,False,False
ENSMUSG00000009681,10090.ENSMUSP00000126377,Bcr,3.643647,protein_coding,1.6740691905904357,MM,True,False,False
ENSMUSG00000028857,10090.ENSMUSP00000101527,Tmem222,22.895749666666664,protein_coding,3.884357842551559,MM,True,False,True
ENSMUSG00000072789,10090.ENSMUSP00000092502,Gm10420,6.494319,processed_pseudogene,2.294654368501532,MM,True,False,True
ENSMUSG00000031696,10090.ENSMUSP00000034131,Vps35,113.69981633333332,protein_coding,6.117081739233757,MM,True,False,True
ENSMUSG00000020087,10090.ENSMUSP00000020284,Tysnd1,10.005990333333333,protein_coding,2.8103971041395237,MM,True,True,True
ENSMUSG00000040481,10090.ENSMUSP00000102374,Bptf,36.83491400000001,protein_coding,4.533481244321123,MM,True,False,True
ENSMUSG00000010461,10090.ENSMUSP00000090335,Eya4,9.827874000000001,protein_coding,2.789304343111089,MM,True,False,True
ENSMUSG00000032612,10090.ENSMUSP00000035237,Usp4,112.48823533333332,protein_coding,6.101078952298771,MM,True,False,False
ENSMUSG00000042148,10090.ENSMUSP00000040138,Cox10,12.886936666666665,protein_coding,3.1292835665429726,MM,True,False,True
ENSMUSG00000031774,10090.ENSMUSP00000034226,Fam192a,66.51546833333333,protein_coding,5.358802267583675,MM,True,False,True
ENSMUSG00000020307,10090.ENSMUSP00000020550,Cdc34,61.82075133333333,protein_coding,5.25370601752954,MM,True,False,True
ENSMUSG00000039615,10090.ENSMUSP00000040431,Stub1,32.28216433333333,protein_coding,4.350793487766505,MM,True,False,True
ENSMUSG00000034349,10090.ENSMUSP00000047872,Smc4,742.389262,protein_coding,8.806543787826046,MM,True,True,True
ENSMUSG00000045316,10090.ENSMUSP00000055827,Fahd1,17.310682999999997,protein_coding,3.512412574661428,MM,True,False,True
ENSMUSG00000026469,10090.ENSMUSP00000027741,Xpr1,15.712087666666667,protein_coding,3.3857848797579666,MM,True,False,False
ENSMUSG00000035215,10090.ENSMUSP00000044993,Lsm7,21.254622333333327,protein_coding,3.785123015449418,MM,True,False,False
ENSMUSG00000027624,10090.ENSMUSP00000099425,Epb41l1,1.0531806666666668,protein_coding,0.7076779163556901,MM,True,False,True
ENSMUSG00000018906,10090.ENSMUSP00000019050,P4ha2,1.3274383333333333,protein_coding,0.8464756645303928,MM,True,False,True
ENSMUSG00000030284,10090.ENSMUSP00000032422,Creld1,1.5487099999999998,protein_coding,0.949624822412463,MM,True,True,False
ENSMUSG00000078593,10090.ENSMUSP00000102101,1700042G07Rik,8.379000999999999,protein_coding,2.594150001752814,MM,True,False,True
ENSMUSG00000025986,10090.ENSMUSP00000027131,Slc39a10,16.079793666666667,protein_coding,3.4162033118051407,MM,True,False,True
ENSMUSG00000020532,10090.ENSMUSP00000099490,Acaca,4.179303,protein_coding,1.8130747773975686,MM,True,False,True
ENSMUSG00000025971,10090.ENSMUSP00000027114,Maip1,11.654164999999999,protein_coding,3.002295364330986,MM,True,False,True
ENSMUSG00000078097,10090.ENSMUSP00000080203,Gm10913,3.5598723333333333,processed_pseudogene,1.6506202823988574,MM,True,False,True
ENSMUSG00000029814,10090.ENSMUSP00000031838,Igf2bp3,32.952435666666666,protein_coding,4.380140555656249,MM,True,False,False
ENSMUSG00000063077,10090.ENSMUSP00000061472,Kif1b,7.942348666666665,protein_coding,2.5304838094008764,MM,True,False,True
ENSMUSG00000047675,10090.ENSMUSP00000099757,Rps8,76.11987533333333,protein_coding,5.547820707017425,MM,True,False,True
ENSMUSG00000016382,10090.ENSMUSP00000033547,Pls3,2.52432,protein_coding,1.3329471458191258,MM,True,False,False
ENSMUSG00000033808,10090.ENSMUSP00000087500,Tmem87a,15.511289333333332,protein_coding,3.369094187260569,MM,True,False,False
ENSMUSG00000026197,10090.ENSMUSP00000027394,Zfand2b,1.5816349999999997,protein_coding,0.9640994029197173,MM,True,False,True
ENSMUSG00000018326,10090.ENSMUSP00000018470,Ywhab,16.802377333333336,protein_coding,3.473236652055667,MM,True,False,True
ENSMUSG00000021987,10090.ENSMUSP00000022563,Mtmr6,239.92717466666667,protein_coding,7.183662586086922,MM,True,True,True
ENSMUSG00000028161,10090.ENSMUSP00000053101,Ppp3ca,98.33158366666667,protein_coding,5.910820845221157,MM,True,False,True
ENSMUSG00000020801,10090.ENSMUSP00000021157,Med31,20.19354133333333,protein_coding,3.7160064906781605,MM,True,False,True
ENSMUSG00000025326,10090.ENSMUSP00000103161,Ube3a,36.181161333333336,protein_coding,4.5094060705248555,MM,True,False,True
ENSMUSG00000031229,10090.ENSMUSP00000109203,Atrx,1.7046156666666663,protein_coding,1.0179888759905327,MM,True,False,True
ENSMUSG00000039191,10090.ENSMUSP00000040694,Rbpj,3.176352666666667,protein_coding,1.5412105082383922,MM,True,False,True
ENSMUSG00000033352,10090.ENSMUSP00000041282,Map2k4,2.7795396666666665,protein_coding,1.4182754184596889,MM,True,False,True
ENSMUSG00000039031,10090.ENSMUSP00000044834,Arhgap18,2.4960983333333333,protein_coding,1.323019513553556,MM,True,False,True
ENSMUSG00000074997,10090.ENSMUSP00000139143,Pin1rt1,2.1515306666666665,protein_coding,1.1984928963879549,MM,True,False,False
ENSMUSG00000028101,10090.ENSMUSP00000069259,Pias3,1.4671880000000002,protein_coding,0.9124168690359793,MM,True,False,True
ENSMUSG00000017404,10090.ENSMUSP00000017548,Rpl19,99.11514033333331,protein_coding,5.920849084949635,MM,True,False,True
ENSMUSG00000038844,10090.ENSMUSP00000042551,Kif16b,14.933357,protein_coding,3.3198762783288025,MM,True,False,True
ENSMUSG00000042249,10090.ENSMUSP00000070445,Grk3,18.622196666666667,protein_coding,3.6090076193131586,MM,True,False,False
ENSMUSG00000062874,10090.ENSMUSP00000071496,Gm4978,1.6120106666666665,processed_pseudogene,0.977663858288474,MM,True,False,True
ENSMUSG00000043541,10090.ENSMUSP00000062279,Casc1,55.657622,protein_coding,5.107547121578373,MM,True,False,False
ENSMUSG00000025702,10090.ENSMUSP00000098594,March8,2.094072,protein_coding,1.1758662725689508,MM,True,False,True
ENSMUSG00000019726,10090.ENSMUSP00000106188,Lyst,1.3652833333333332,protein_coding,0.8649168260072447,MM,True,False,True
ENSMUSG00000059796,10090.ENSMUSP00000127034,Eif4a1,89.72174066666666,protein_coding,5.779961624408449,MM,True,False,True
ENSMUSG00000043733,10090.ENSMUSP00000098333,Ptpn11,1.217512,protein_coding,0.7923167567204297,MM,True,False,True
ENSMUSG00000027787,10090.ENSMUSP00000029358,Nmd3,35.62820566666667,protein_coding,4.4879660960178445,MM,True,False,True
ENSMUSG00000028081,10090.ENSMUSP00000029722,Rps3a1,158.631256,protein_coding,6.591473381997827,MM,True,False,True
ENSMUSG00000004798,10090.ENSMUSP00000004920,Ulk2,60.85124466666666,protein_coding,5.232842578624876,MM,True,True,True
ENSMUSG00000027875,10090.ENSMUSP00000088249,Hmgcs2,41.81226233333333,protein_coding,4.708634803107106,MM,True,False,True
ENSMUSG00000024269,10090.ENSMUSP00000111484,Tpgs2,45.6928,protein_coding,4.8322955857327425,MM,True,False,True
ENSMUSG00000034557,10090.ENSMUSP00000039852,Zfyve9,1.8693206666666664,protein_coding,1.087332709946524,MM,True,False,True
ENSMUSG00000091460,10090.ENSMUSP00000136791,Gm7808,77.3212573333333,processed_pseudogene,5.5695758097284065,MM,True,False,True
ENSMUSG00000029616,10090.ENSMUSP00000117347,Erp29,140.30978933333333,protein_coding,6.41487754850627,MM,True,False,False
ENSMUSG00000031701,10090.ENSMUSP00000034138,Dnaja2,232.82820633333333,protein_coding,7.140404070766758,MM,True,False,False
ENSMUSG00000020526,10090.ENSMUSP00000099484,Znhit3,166.34431966666662,protein_coding,6.659147783145861,MM,True,False,True
ENSMUSG00000032329,10090.ENSMUSP00000034879,Hmg20a,8.363483,protein_coding,2.5926648899819784,MM,True,False,True
ENSMUSG00000011306,10090.ENSMUSP00000011450,Sugp1,54.15922033333334,protein_coding,5.069003618127678,MM,True,False,True
ENSMUSG00000074764,10090.ENSMUSP00000113800,Sel1l2,58.36537666666666,protein_coding,5.17450200376413,MM,True,False,True
ENSMUSG00000058793,10090.ENSMUSP00000099470,Cds2,2.86905,protein_coding,1.446458281284071,MM,True,False,True
ENSMUSG00000039199,10090.ENSMUSP00000036471,Zdhhc1,24.357007333333332,protein_coding,3.9674478643709135,MM,True,True,True
ENSMUSG00000027412,10090.ENSMUSP00000105082,Lpin3,1.7133133333333332,protein_coding,1.0208935282793197,MM,True,False,True
ENSMUSG00000093904,10090.ENSMUSP00000136493,Tomm20,16.685143666666665,protein_coding,3.463753224587391,MM,True,False,True
ENSMUSG00000022973,10090.ENSMUSP00000113308,Synj1,8.064982333333333,protein_coding,2.5486689990794167,MM,True,False,True
ENSMUSG00000021969,10090.ENSMUSP00000086900,Zdhhc20,4.1301293333333335,protein_coding,1.8015740869274632,MM,True,False,False
ENSMUSG00000025223,10090.ENSMUSP00000118546,Ldb1,3.3732226666666665,protein_coding,1.5989508041280982,MM,True,False,True
ENSMUSG00000051223,10090.ENSMUSP00000051935,Bzw1,49.24247499999999,protein_coding,4.937399653594443,MM,True,False,False
ENSMUSG00000052397,10090.ENSMUSP00000063734,Ezr,12.691328,protein_coding,3.1094621407278784,MM,True,False,False
ENSMUSG00000028907,10090.ENSMUSP00000030738,Utp11,31.63446233333333,protein_coding,4.323631248646418,MM,True,False,True
ENSMUSG00000024764,10090.ENSMUSP00000025675,Naa40,42.804413,protein_coding,4.741127890746711,MM,True,False,False
ENSMUSG00000024829,10090.ENSMUSP00000025745,Mrpl21,14.501904333333336,protein_coding,3.2812625324383964,MM,True,False,True
ENSMUSG00000035517,10090.ENSMUSP00000099993,Tdrd7,170.99220266666666,protein_coding,6.698516744225968,MM,True,False,False
ENSMUSG00000036197,10090.ENSMUSP00000047281,Gxylt1,7.654769999999999,protein_coding,2.4877337232409706,MM,True,False,False
ENSMUSG00000038582,10090.ENSMUSP00000051838,Pptc7,13.952998666666666,protein_coding,3.2315653252495973,MM,True,False,True
ENSMUSG00000068922,10090.ENSMUSP00000115645,Msto1,84.73720066666667,protein_coding,5.6991554625496805,MM,True,False,False
ENSMUSG00000001630,10090.ENSMUSP00000001675,Stk38l,3.094098333333333,protein_coding,1.5165186572233342,MM,True,False,True
ENSMUSG00000050114,10090.ENSMUSP00000133276,Prdx6b,201.95240766666663,protein_coding,6.936455798542902,MM,True,False,False
ENSMUSG00000024242,10090.ENSMUSP00000108008,Map4k3,11.389266000000001,protein_coding,2.9728889819447173,MM,True,False,False
ENSMUSG00000034252,10090.ENSMUSP00000047220,Senp6,81.83660866666666,protein_coding,5.650763008448629,MM,True,False,True
ENSMUSG00000020745,10090.ENSMUSP00000021091,Pafah1b1,204.5589803333333,protein_coding,6.955107464583359,MM,True,False,True
ENSMUSG00000035890,10090.ENSMUSP00000039486,Rnf126,265.5704196666666,protein_coding,7.327263552174468,MM,True,False,True
ENSMUSG00000074030,10090.ENSMUSP00000095915,Exoc8,13.517607666666667,protein_coding,3.19040146883142,MM,True,True,True
ENSMUSG00000031007,10090.ENSMUSP00000033313,Atp6ap2,4.231750666666667,protein_coding,1.8262314578282082,MM,True,False,True
ENSMUSG00000091625,10090.ENSMUSP00000126565,Lsm5,12.005844333333336,protein_coding,3.0404043794415885,MM,True,True,True
ENSMUSG00000004347,10090.ENSMUSP00000046601,Pde1c,181.90221166666663,protein_coding,6.78706213954375,MM,True,False,True
ENSMUSG00000039168,10090.ENSMUSP00000047186,Dap,46.61221566666666,protein_coding,4.859513715737595,MM,True,True,True
ENSMUSG00000028646,10090.ENSMUSP00000030399,Rragc,52.68872566666667,protein_coding,5.031065746823788,MM,True,False,True
ENSMUSG00000063952,10090.ENSMUSP00000004985,Brpf3,38.066322333333346,protein_coding,4.576631091746887,MM,True,False,True
ENSMUSG00000039231,10090.ENSMUSP00000111301,Suv39h1,1.3829743333333333,protein_coding,0.8736525838044733,MM,True,False,False
ENSMUSG00000028741,10090.ENSMUSP00000099561,Mrto4,168.75759366666668,protein_coding,6.679447703014042,MM,True,True,True
ENSMUSG00000037827,10090.ENSMUSP00000036849,Gm5884,38.74545033333333,processed_pseudogene,4.602743397682392,MM,True,False,False
ENSMUSG00000060019,10090.ENSMUSP00000129695,Gm10073,30.78712333333333,processed_pseudogene,4.286566139764599,MM,True,False,True
ENSMUSG00000028868,10090.ENSMUSP00000081263,Wasf2,6.838830333333334,protein_coding,2.3539919707249535,MM,True,False,True
ENSMUSG00000040482,10090.ENSMUSP00000047018,Dxo,21.60437066666667,protein_coding,3.8066654582559,MM,True,False,False
ENSMUSG00000037103,10090.ENSMUSP00000038568,Dcaf15,78.65047966666667,protein_coding,5.593582299121648,MM,True,False,True
ENSMUSG00000025059,10090.ENSMUSP00000119564,Gk,1.1783553333333334,protein_coding,0.7712765467753885,MM,True,False,False
ENSMUSG00000033096,10090.ENSMUSP00000040840,Apmap,3.2930099999999998,protein_coding,1.5766614425683592,MM,True,False,True
ENSMUSG00000066632,10090.ENSMUSP00000136544,Pgk1-rs7,1.313783,processed_pseudogene,0.840493044223482,MM,True,False,True
ENSMUSG00000041638,10090.ENSMUSP00000069432,Gcn1l1,29.19157733333334,protein_coding,4.213237020880222,MM,True,False,True
ENSMUSG00000028836,10090.ENSMUSP00000101500,Slc30a2,3.1517476666666666,protein_coding,1.5338694627667024,MM,True,False,True
ENSMUSG00000029614,10090.ENSMUSP00000031617,Rpl6,99.76747166666668,protein_coding,5.9311461535994106,MM,True,False,True
ENSMUSG00000001173,10090.ENSMUSP00000001202,Ocrl,1.312985,protein_coding,0.8398440597974707,MM,True,False,True
ENSMUSG00000025199,10090.ENSMUSP00000026217,Chuk,13.542748999999999,protein_coding,3.193237558283107,MM,True,False,True
ENSMUSG00000002343,10090.ENSMUSP00000019679,Armc6,2.811793,protein_coding,1.4279794017299978,MM,True,False,True
ENSMUSG00000001642,10090.ENSMUSP00000100045,Akr1b3,100.54216766666666,protein_coding,5.941826038718741,MM,True,False,True
ENSMUSG00000000538,10090.ENSMUSP00000099744,Tom1l2,3.6041296666666662,protein_coding,1.6637034835509603,MM,True,False,False
ENSMUSG00000050148,10090.ENSMUSP00000056888,Ubqln2,1.9134633333333333,protein_coding,1.105085101348572,MM,True,False,False
ENSMUSG00000060791,10090.ENSMUSP00000103927,Gmfg,3.046508,protein_coding,1.5023348454297398,MM,True,False,True
ENSMUSG00000081984,10090.ENSMUSP00000112703,Dnajb3,727.0563150000003,protein_coding,8.775547589785234,MM,True,False,True
ENSMUSG00000028156,10090.ENSMUSP00000029803,Eif4e,201.5529073333333,protein_coding,6.932830796408439,MM,True,False,True
ENSMUSG00000045624,10090.ENSMUSP00000036523,Esf1,25.545762666666665,protein_coding,4.032985530637716,MM,True,False,True
ENSMUSG00000063253,10090.ENSMUSP00000080221,Scoc,15.792735666666667,protein_coding,3.3925312006043393,MM,True,False,True
ENSMUSG00000039308,10090.ENSMUSP00000040227,Ndst2,8.89445,protein_coding,2.6667512906334436,MM,True,False,True
ENSMUSG00000024033,10090.ENSMUSP00000024832,Rsph1,4095.361491,protein_coding,11.26680612409325,MM,True,True,True
ENSMUSG00000039735,10090.ENSMUSP00000124947,Fnbp1l,15.770953,protein_coding,3.3913641964128356,MM,True,False,True
ENSMUSG00000055884,10090.ENSMUSP00000054797,Fancm,4.206981666666667,protein_coding,1.8207915223805284,MM,True,False,True
ENSMUSG00000025665,10090.ENSMUSP00000080694,Rps6ka6,1.403681,protein_coding,0.8835131640214697,MM,True,False,True
ENSMUSG00000051235,10090.ENSMUSP00000132098,Gen1,1.557343,protein_coding,0.9536042185519797,MM,True,False,False
ENSMUSG00000006463,10090.ENSMUSP00000006632,Zdhhc24,3.072708,protein_coding,1.5105037275739672,MM,True,False,True
ENSMUSG00000052488,10090.ENSMUSP00000078469,Cherp,39.394661,protein_coding,4.625693804868667,MM,True,False,True
ENSMUSG00000001100,10090.ENSMUSP00000001127,Poldip2,152.89617933333332,protein_coding,6.5384465800061315,MM,True,False,False
ENSMUSG00000038900,10090.ENSMUSP00000117461,Rpl12,279.44636533333335,protein_coding,7.401405133118827,MM,True,False,True
ENSMUSG00000024286,10090.ENSMUSP00000050001,Ccny,21.883095666666666,protein_coding,3.8242744831552895,MM,True,True,True
ENSMUSG00000044308,10090.ENSMUSP00000060159,Ubr3,13.129222666666667,protein_coding,3.1538220323407606,MM,True,False,True
ENSMUSG00000026701,10090.ENSMUSP00000071636,Prdx6,87.69411733333334,protein_coding,5.747571583062514,MM,True,False,False
ENSMUSG00000015341,10090.ENSMUSP00000112935,Golga7,45.493281,protein_coding,4.826420761815381,MM,True,True,True
ENSMUSG00000040390,10090.ENSMUSP00000103978,Map3k10,16.911543666666667,protein_coding,3.480576336581628,MM,True,False,False
ENSMUSG00000021553,10090.ENSMUSP00000022036,Slc28a3,1.8365189999999998,protein_coding,1.0725039590987397,MM,True,True,False
ENSMUSG00000060938,10090.ENSMUSP00000073175,Rpl26,796.699992,protein_coding,8.907724462741637,MM,True,False,True
ENSMUSG00000032340,10090.ENSMUSP00000063656,Neo1,1.946621,protein_coding,1.1179875410432678,MM,True,False,False
ENSMUSG00000019916,10090.ENSMUSP00000009789,P4ha1,3.5848089999999995,protein_coding,1.6587518160680945,MM,True,False,True
ENSMUSG00000024727,10090.ENSMUSP00000037443,Trpm6,2.9564330000000005,protein_coding,1.474749079953121,MM,True,True,False
ENSMUSG00000061787,10090.ENSMUSP00000079628,Rps17,167.749232,protein_coding,6.670551767071472,MM,True,False,True
ENSMUSG00000020520,10090.ENSMUSP00000065096,Galnt10,41.188552666666666,protein_coding,4.687377419219905,MM,True,False,False
ENSMUSG00000053137,10090.ENSMUSP00000086204,Mapk11,3.808904333333333,protein_coding,1.7184976778764467,MM,True,True,True
ENSMUSG00000041028,10090.ENSMUSP00000046212,Ghitm,90.441704,protein_coding,5.791991558608286,MM,True,False,False
ENSMUSG00000002319,10090.ENSMUSP00000036555,Ipo4,150.08081566666667,protein_coding,6.511662226233873,MM,True,False,False
ENSMUSG00000033285,10090.ENSMUSP00000060613,Wdr3,2.9919336666666663,protein_coding,1.4852705267410526,MM,True,False,True
ENSMUSG00000062859,10090.ENSMUSP00000038590,Tcp11,901.4869386666666,protein_coding,9.08487403646293,MM,True,True,False
ENSMUSG00000038619,10090.ENSMUSP00000051799,Ensa,77.28375733333333,protein_coding,5.5696171035339646,MM,True,False,True
ENSMUSG00000040472,10090.ENSMUSP00000133032,Rabggta,6.232573666666667,protein_coding,2.2467693491991922,MM,True,False,True
ENSMUSG00000024241,10090.ENSMUSP00000067786,Sos1,4.086716666666667,protein_coding,1.79028466375523,MM,True,False,True
ENSMUSG00000028636,10090.ENSMUSP00000030385,Ppcs,1.9254856666666669,protein_coding,1.1103654707711443,MM,True,False,True
ENSMUSG00000039033,10090.ENSMUSP00000039546,Tasp1,7.912862,protein_coding,2.526146872047815,MM,True,True,False
ENSMUSG00000052299,10090.ENSMUSP00000038775,Ltn1,30.933721999999996,protein_coding,4.293460711137378,MM,True,False,True
ENSMUSG00000054808,10090.ENSMUSP00000066068,Actn4,6.761141666666667,protein_coding,2.34040265701456,MM,True,False,True
ENSMUSG00000031388,10090.ENSMUSP00000033763,Naa10,1.520824,protein_coding,0.936979214763877,MM,True,False,True
ENSMUSG00000060499,10090.ENSMUSP00000100795,Rpl10l,706.5140789999998,protein_coding,8.734648917385615,MM,True,False,True
ENSMUSG00000029505,10090.ENSMUSP00000049038,Ep400,88.01901766666668,protein_coding,5.7533214976297735,MM,True,False,True
ENSMUSG00000067058,10090.ENSMUSP00000119975,Rps15a-ps5,115.982122,processed_pseudogene,6.145530338988742,MM,True,False,True
ENSMUSG00000024146,10090.ENSMUSP00000024959,Cript,110.45760333333334,protein_coding,6.076025574709705,MM,True,False,True
ENSMUSG00000038506,10090.ENSMUSP00000047208,Dcun1d2,2.946682333333333,protein_coding,1.4706730806563568,MM,True,False,True
ENSMUSG00000068579,10090.ENSMUSP00000087632,Rpl7a-ps3,6.091709999999999,processed_pseudogene,2.220991812243084,MM,True,False,True
ENSMUSG00000032096,10090.ENSMUSP00000034607,Arcn1,62.02658733333333,protein_coding,5.259925243603014,MM,True,False,True
ENSMUSG00000041453,10090.ENSMUSP00000041652,Rpl21,90.591077,protein_coding,5.793986962583486,MM,True,False,True
ENSMUSG00000044496,10090.ENSMUSP00000099522,2510039O18Rik,10.843922666666666,protein_coding,2.910463218560389,MM,True,False,True
ENSMUSG00000021932,10090.ENSMUSP00000022499,Rnaseh2b,4.7822803333333335,protein_coding,1.9551142549057492,MM,True,False,False
ENSMUSG00000024078,10090.ENSMUSP00000024882,Ttc27,16.497849,protein_coding,3.4495643238266283,MM,True,False,True
ENSMUSG00000004268,10090.ENSMUSP00000004379,Emg1,47.618889,protein_coding,4.889617804822204,MM,True,True,True
ENSMUSG00000078517,10090.ENSMUSP00000049034,Emc1,5.548624333333334,protein_coding,2.116821293880522,MM,True,False,True
ENSMUSG00000030272,10090.ENSMUSP00000032409,Camk1,1.1716393333333337,protein_coding,0.7690427332004164,MM,True,False,True
ENSMUSG00000039968,10090.ENSMUSP00000039482,Rsbn1l,4.719811333333333,protein_coding,1.9410160144467172,MM,True,False,False
ENSMUSG00000043154,10090.ENSMUSP00000075327,Ppp2r3a,1.1983393333333334,protein_coding,0.7832775548833514,MM,True,False,False
ENSMUSG00000047719,10090.ENSMUSP00000058502,Ubiad1,6.028112,protein_coding,2.209242690776938,MM,True,False,False
ENSMUSG00000022034,10090.ENSMUSP00000022613,Esco2,7.2936070000000015,protein_coding,2.430404645031331,MM,True,False,False
ENSMUSG00000035637,10090.ENSMUSP00000047218,Grhpr,6.114036666666667,protein_coding,2.225312775949652,MM,True,False,True
ENSMUSG00000025487,10090.ENSMUSP00000026560,Psmd13,81.00384,protein_coding,5.635675135660448,MM,True,False,True
ENSMUSG00000062328,10090.ENSMUSP00000078654,Rpl17,24.25797133333333,protein_coding,3.964677963661284,MM,True,False,True
ENSMUSG00000015659,10090.ENSMUSP00000095043,Serac1,12.539282666666665,protein_coding,3.0946176409384845,MM,True,False,False
ENSMUSG00000005699,10090.ENSMUSP00000090886,Pard6a,26.389490666666664,protein_coding,4.076048235468544,MM,True,True,True
ENSMUSG00000036225,10090.ENSMUSP00000128070,Kctd1,7.080593666666666,protein_coding,2.393948714948602,MM,True,False,False
ENSMUSG00000036820,10090.ENSMUSP00000036141,Amdhd2,64.130287,protein_coding,5.305369260620696,MM,True,True,True
ENSMUSG00000028309,10090.ENSMUSP00000029989,Rnf20,18.407094333333333,protein_coding,3.5942226722707553,MM,True,False,True
ENSMUSG00000057863,10090.ENSMUSP00000079340,Rpl36,105.26692333333332,protein_coding,6.00561735628394,MM,True,False,True
ENSMUSG00000047539,10090.ENSMUSP00000054718,Fbxo28,7.090094333333332,protein_coding,2.396237505046584,MM,True,False,True
ENSMUSG00000032374,10090.ENSMUSP00000125373,Plod2,4.264212666666666,protein_coding,1.8338613380011957,MM,True,False,True
ENSMUSG00000005320,10090.ENSMUSP00000005452,Fgfr4,2.3447226666666667,protein_coding,1.269194567616293,MM,True,True,True
ENSMUSG00000035530,10090.ENSMUSP00000041538,Eif1,399.358663,protein_coding,7.914394289626922,MM,True,False,True
ENSMUSG00000101523,10090.ENSMUSP00000140515,Gm10031,1.694953333333333,protein_coding,1.0139976697860587,MM,True,False,True
ENSMUSG00000002477,10090.ENSMUSP00000002551,Snrpd1,124.16048400000001,protein_coding,6.242352870654103,MM,True,False,True
ENSMUSG00000015846,10090.ENSMUSP00000076491,Rxra,7.203216666666666,protein_coding,2.4147022140612573,MM,True,False,True
ENSMUSG00000022119,10090.ENSMUSP00000097901,Rbm26,87.417096,protein_coding,5.743967628678091,MM,True,False,True
ENSMUSG00000022801,10090.ENSMUSP00000023491,Lrch3,6.668754333333332,protein_coding,2.325310996467319,MM,True,True,False
ENSMUSG00000032002,10090.ENSMUSP00000034499,Dcun1d5,59.47521933333334,protein_coding,5.201052248985878,MM,True,False,False
ENSMUSG00000038383,10090.ENSMUSP00000076816,Pigu,15.898864999999999,protein_coding,3.4011170317198216,MM,True,True,True
ENSMUSG00000031537,10090.ENSMUSP00000033939,Ikbkb,8.100825666666667,protein_coding,2.553459628890648,MM,True,False,True
ENSMUSG00000030062,10090.ENSMUSP00000032143,Rpn1,186.86473633333333,protein_coding,6.825030936038632,MM,True,True,True
ENSMUSG00000042569,10090.ENSMUSP00000044924,Dhrs7b,17.459355666666667,protein_coding,3.5236039399626717,MM,True,False,True
ENSMUSG00000049815,10090.ENSMUSP00000059542,4921511C20Rik,2.5569846666666667,protein_coding,1.3443170258572799,MM,True,False,False
ENSMUSG00000021819,10090.ENSMUSP00000022358,Zswim8,25.480509,protein_coding,4.028831117823315,MM,True,False,True
ENSMUSG00000037418,10090.ENSMUSP00000113053,Best1,31.94841933333333,protein_coding,4.3376055855470526,MM,True,False,False
ENSMUSG00000024258,10090.ENSMUSP00000025106,Polr2d,23.484303666666666,protein_coding,3.918559213897829,MM,True,False,True
ENSMUSG00000006717,10090.ENSMUSP00000006900,Acot13,5.749674333333334,protein_coding,2.1556478908000303,MM,True,False,True
ENSMUSG00000047694,10090.ENSMUSP00000056039,Yipf6,2.205639333333333,protein_coding,1.2188598862681137,MM,True,False,True
ENSMUSG00000027365,10090.ENSMUSP00000099513,Trpm7,2.6964256666666664,protein_coding,1.3903068749802847,MM,True,False,False
ENSMUSG00000037149,10090.ENSMUSP00000065987,Ddx1,227.44335966666665,protein_coding,7.106936255946799,MM,True,True,True
ENSMUSG00000034165,10090.ENSMUSP00000040488,Ccnd3,9.818115333333333,protein_coding,2.786939292255516,MM,True,False,False
ENSMUSG00000029772,10090.ENSMUSP00000110897,Ahcyl2,69.20637633333334,protein_coding,5.4144070390626,MM,True,False,False
ENSMUSG00000061119,10090.ENSMUSP00000075429,Prcp,5.676008,protein_coding,2.1426309422017176,MM,True,False,True
ENSMUSG00000070738,10090.ENSMUSP00000027517,Dgkd,95.622635,protein_coding,5.871037581941676,MM,True,False,True
ENSMUSG00000033159,10090.ENSMUSP00000132688,Cnppd1,43.99479533333332,protein_coding,4.77893995583681,MM,True,True,True
ENSMUSG00000024382,10090.ENSMUSP00000025241,Ercc3,36.000324,protein_coding,4.501612534156358,MM,True,False,True
ENSMUSG00000026275,10090.ENSMUSP00000027494,Ppp1r7,16.799496333333334,protein_coding,3.473125622244212,MM,True,False,True
ENSMUSG00000047804,10090.ENSMUSP00000099710,Akap10,24.11827533333333,protein_coding,3.9551412298434108,MM,True,False,False
ENSMUSG00000013736,10090.ENSMUSP00000060900,Trnt1,113.77127066666668,protein_coding,6.1180399753567185,MM,True,False,True
ENSMUSG00000029516,10090.ENSMUSP00000062049,Cit,14.622549333333335,protein_coding,3.2920538388412544,MM,True,True,True
ENSMUSG00000037958,10090.ENSMUSP00000099552,Nsrp1,53.66813266666667,protein_coding,5.05703734814638,MM,True,False,False
ENSMUSG00000032498,10090.ENSMUSP00000035079,Mlh1,2.940036333333333,protein_coding,1.4685786253080086,MM,True,False,True
ENSMUSG00000025324,10090.ENSMUSP00000129811,Atp10a,4.134519999999998,protein_coding,1.8019467828932556,MM,True,False,True
ENSMUSG00000008348,10090.ENSMUSP00000115578,Ubc,299.19061266666665,protein_coding,7.499035529149129,MM,True,False,True
ENSMUSG00000057322,10090.ENSMUSP00000102213,Rpl38,262.3904063333333,protein_coding,7.31091283102398,MM,True,False,True
ENSMUSG00000021576,10090.ENSMUSP00000022060,Pdcd6,24.370076,protein_coding,3.968968639074499,MM,True,False,True
ENSMUSG00000021635,10090.ENSMUSP00000022136,Rad17,41.63858133333334,protein_coding,4.703185751561292,MM,True,True,True
ENSMUSG00000042308,10090.ENSMUSP00000047672,Setd1a,7.843189333333332,protein_coding,2.514968729623233,MM,True,False,True
ENSMUSG00000067713,10090.ENSMUSP00000132499,Prkag1,19.912886,protein_coding,3.6975059206656438,MM,True,False,True
ENSMUSG00000029227,10090.ENSMUSP00000109164,Fip1l1,77.13418166666666,protein_coding,5.5678729656772825,MM,True,True,True
ENSMUSG00000037730,10090.ENSMUSP00000041034,Mynn,8.531132000000001,protein_coding,2.616710485180224,MM,True,False,False
ENSMUSG00000049550,10090.ENSMUSP00000107192,Clip1,76.73273599999997,protein_coding,5.559513634975169,MM,True,False,True
ENSMUSG00000052406,10090.ENSMUSP00000109653,Rexo4,27.477275,protein_coding,4.13182667655333,MM,True,False,True
ENSMUSG00000032198,10090.ENSMUSP00000034728,Dock6,14.439262333333335,protein_coding,3.2751127120996992,MM,True,False,False
ENSMUSG00000021710,10090.ENSMUSP00000104938,Nln,9.327017,protein_coding,2.7254666221219037,MM,True,False,False
ENSMUSG00000052539,10090.ENSMUSP00000112934,Magi3,9.145874666666668,protein_coding,2.700473824528393,MM,True,False,False
ENSMUSG00000029221,10090.ENSMUSP00000124047,Slc30a9,31.262609,protein_coding,4.3079654769864115,MM,True,False,True
ENSMUSG00000024847,10090.ENSMUSP00000113807,Aip,5.167628,protein_coding,2.0380616457479688,MM,True,False,True
ENSMUSG00000020153,10090.ENSMUSP00000101003,Ndufs7,30.95786833333333,protein_coding,4.2927983352183485,MM,True,False,True
ENSMUSG00000055319,10090.ENSMUSP00000035610,Sec23ip,96.276741,protein_coding,5.880740217025242,MM,True,True,False
ENSMUSG00000036822,10090.ENSMUSP00000046843,Topors,126.570048,protein_coding,6.269499726972661,MM,True,False,False
ENSMUSG00000036879,10090.ENSMUSP00000050788,Phkb,4.140969,protein_coding,1.8038994484311623,MM,True,False,True
ENSMUSG00000044224,10090.ENSMUSP00000116865,Dnajc21,122.90467566666666,protein_coding,6.227771818252564,MM,True,False,False
ENSMUSG00000021221,10090.ENSMUSP00000136280,Dpf3,9.70059,protein_coding,2.77253278023533,MM,True,True,False
ENSMUSG00000039100,10090.ENSMUSP00000087694,March6,14.213583000000002,protein_coding,3.2555817030795047,MM,True,False,False
ENSMUSG00000034312,10090.ENSMUSP00000140030,Iqsec1,11.506761333333335,protein_coding,2.9852209721553846,MM,True,False,True
ENSMUSG00000056197,10090.ENSMUSP00000068770,4931417E11Rik,97.98320033333331,protein_coding,5.905309232783399,MM,True,False,False
ENSMUSG00000002455,10090.ENSMUSP00000002529,Prpf6,45.49692133333334,protein_coding,4.8258207448256965,MM,True,False,True
ENSMUSG00000022721,10090.ENSMUSP00000111304,Trmt2a,6.5693823333333325,protein_coding,2.3079794614828906,MM,True,False,False
ENSMUSG00000024145,10090.ENSMUSP00000024957,Pigf,56.45296999999999,protein_coding,5.12752080895508,MM,True,True,True
ENSMUSG00000024294,10090.ENSMUSP00000054428,Mib1,55.96307366666666,protein_coding,5.115538225483725,MM,True,False,True
ENSMUSG00000045095,10090.ENSMUSP00000086730,Magi1,1.475709333333333,protein_coding,0.9161066555948465,MM,True,False,False
ENSMUSG00000019295,10090.ENSMUSP00000019439,Tmem129,22.095264999999998,protein_coding,3.836643053627241,MM,True,True,False
ENSMUSG00000045962,10090.ENSMUSP00000063001,Wnk1,92.14898666666666,protein_coding,5.818632884471249,MM,True,False,True
ENSMUSG00000048696,10090.ENSMUSP00000057962,Mex3d,18.458277333333328,protein_coding,3.5955838212612403,MM,True,False,False
ENSMUSG00000035969,10090.ENSMUSP00000095710,Rusc2,15.300534333333333,protein_coding,3.3499798585693723,MM,True,False,True
ENSMUSG00000031310,10090.ENSMUSP00000068197,Zmym3,2.1145716666666665,protein_coding,1.183383185104393,MM,True,False,False
ENSMUSG00000031786,10090.ENSMUSP00000053972,Drc7,92.78018433333334,protein_coding,5.827919095415276,MM,True,False,True
ENSMUSG00000029594,10090.ENSMUSP00000031590,Rbm19,11.511261333333332,protein_coding,2.985758100801224,MM,True,False,True
ENSMUSG00000074264,10090.ENSMUSP00000070368,Amy1,40.42314533333333,protein_coding,4.662576571742612,MM,True,True,False
ENSMUSG00000024921,10090.ENSMUSP00000025862,Smarca2,185.518804,protein_coding,6.815017117576978,MM,True,True,True
ENSMUSG00000004591,10090.ENSMUSP00000039566,Pkn2,37.65357,protein_coding,4.564085046897433,MM,True,False,True
ENSMUSG00000006276,10090.ENSMUSP00000129739,Eps15l1,4.981507,protein_coding,1.998483170854232,MM,True,False,True
ENSMUSG00000019699,10090.ENSMUSP00000106789,Akt3,12.147198666666668,protein_coding,3.0542421630628094,MM,True,False,True
ENSMUSG00000029992,10090.ENSMUSP00000109288,Gfpt1,49.26738866666667,protein_coding,4.937528954905617,MM,True,True,True
ENSMUSG00000029610,10090.ENSMUSP00000031613,Aimp2,6.4323603333333335,protein_coding,2.2830950222890323,MM,True,False,True
ENSMUSG00000004100,10090.ENSMUSP00000004203,Ppan,16.040805000000002,protein_coding,3.4115964483905836,MM,True,False,True
ENSMUSG00000028729,10090.ENSMUSP00000030501,Ebna1bp2,148.4928383333333,protein_coding,6.49733153750668,MM,True,False,True
ENSMUSG00000026721,10090.ENSMUSP00000028049,Rabgap1l,40.819327,protein_coding,4.675905372481928,MM,True,False,False
ENSMUSG00000032405,10090.ENSMUSP00000096248,Pias1,54.16592266666667,protein_coding,5.069615618369203,MM,True,True,True
ENSMUSG00000040565,10090.ENSMUSP00000097093,Btaf1,71.36502333333333,protein_coding,5.4572487333736195,MM,True,False,False
ENSMUSG00000028136,10090.ENSMUSP00000102904,Snx27,23.011808,protein_coding,3.8918521896166682,MM,True,False,True
ENSMUSG00000014313,10090.ENSMUSP00000014457,Cox6c,446.71630900000014,protein_coding,8.074758233361525,MM,True,False,True
ENSMUSG00000025184,10090.ENSMUSP00000026188,R3hcc1l,23.206765,protein_coding,3.9032471693167703,MM,True,False,False
ENSMUSG00000049659,10090.ENSMUSP00000036778,Aftph,50.160108,protein_coding,4.962294392695193,MM,True,False,True
ENSMUSG00000028248,10090.ENSMUSP00000029911,Pnisr,76.33746599999998,protein_coding,5.552304721379096,MM,True,True,True
ENSMUSG00000059409,10090.ENSMUSP00000002839,Ppp2r5d,5.618799,protein_coding,2.130584866993641,MM,True,False,True
ENSMUSG00000023072,10090.ENSMUSP00000078383,Cep89,91.87815333333332,protein_coding,5.814145790054233,MM,True,False,True
ENSMUSG00000018446,10090.ENSMUSP00000077612,C1qbp,53.726181,protein_coding,5.0582909638770355,MM,True,False,True
ENSMUSG00000021877,10090.ENSMUSP00000022429,Arf4,35.19156666666667,protein_coding,4.4708279343218695,MM,True,False,True
ENSMUSG00000017716,10090.ENSMUSP00000079124,Birc5,241.82672133333332,protein_coding,7.194491111454829,MM,True,True,False
ENSMUSG00000027665,10090.ENSMUSP00000029201,Pik3ca,11.54454,protein_coding,2.989971859714855,MM,True,False,True
ENSMUSG00000084786,10090.ENSMUSP00000123971,Ubl5,69.35912066666667,protein_coding,5.416470825904111,MM,True,False,True
ENSMUSG00000001415,10090.ENSMUSP00000001451,Smg5,90.78448233333332,protein_coding,5.796647353624281,MM,True,True,True
ENSMUSG00000026496,10090.ENSMUSP00000027777,Parp1,71.93396533333333,protein_coding,5.4680806102934785,MM,True,False,True
ENSMUSG00000020681,10090.ENSMUSP00000001963,Ace,31.828088333333334,protein_coding,4.332419676093707,MM,True,False,False
ENSMUSG00000060438,10090.ENSMUSP00000136770,Rps10-ps1,34.69344833333333,processed_pseudogene,4.450113784726085,MM,True,False,True
ENSMUSG00000003813,10090.ENSMUSP00000003911,Rad23a,95.63859033333334,protein_coding,5.870522733304487,MM,True,True,True
ENSMUSG00000027722,10090.ENSMUSP00000103747,Spata5,101.07278433333332,protein_coding,5.949607844079297,MM,True,False,True
ENSMUSG00000019820,10090.ENSMUSP00000076093,Utrn,2.1458733333333337,protein_coding,1.1958844665720108,MM,True,False,True
ENSMUSG00000027523,10090.ENSMUSP00000079341,Gnas,50.75519066666666,protein_coding,4.9782903873448525,MM,True,False,True
ENSMUSG00000032604,10090.ENSMUSP00000006838,Qars,67.14346966666666,protein_coding,5.371198840888245,MM,True,False,True
ENSMUSG00000019809,10090.ENSMUSP00000019945,Pex3,72.372164,protein_coding,5.476795015139632,MM,True,False,True
ENSMUSG00000026895,10090.ENSMUSP00000065352,Ndufa8,61.838345,protein_coding,5.254700734629632,MM,True,False,True
ENSMUSG00000035399,10090.ENSMUSP00000131932,Oser1,88.92390966666666,protein_coding,5.768525131149797,MM,True,False,True
ENSMUSG00000017778,10090.ENSMUSP00000115419,Cox7c,96.74071,protein_coding,5.887040871180585,MM,True,False,True
ENSMUSG00000046707,10090.ENSMUSP00000055919,Csnk2a2,62.59468500000001,protein_coding,5.272645621490147,MM,True,False,True
ENSMUSG00000025204,10090.ENSMUSP00000026222,Ndufb8,163.89040133333333,protein_coding,6.637175929186251,MM,True,False,True
ENSMUSG00000032788,10090.ENSMUSP00000038540,Pdxk,1.2326386666666669,protein_coding,0.799967026502663,MM,True,True,True
ENSMUSG00000031133,10090.ENSMUSP00000033468,Arhgef6,3.922613333333333,protein_coding,1.7480317955724114,MM,True,False,True
ENSMUSG00000079111,10090.ENSMUSP00000106359,Kdelr2,21.968739000000003,protein_coding,3.829016506247573,MM,True,False,True
ENSMUSG00000001127,10090.ENSMUSP00000001155,Araf,1.7963346666666666,protein_coding,1.0559936136970172,MM,True,False,True
ENSMUSG00000008859,10090.ENSMUSP00000009003,Rala,41.016561,protein_coding,4.682243409810189,MM,True,False,True
ENSMUSG00000042814,10090.ENSMUSP00000100534,Mcts2,43.281755,protein_coding,4.756804727108164,MM,True,False,True
ENSMUSG00000025816,10090.ENSMUSP00000100046,Sec61a2,28.699944,protein_coding,4.191077854672911,MM,True,False,True
ENSMUSG00000001151,10090.ENSMUSP00000001179,Pcnt,15.818102333333336,protein_coding,3.394062165737968,MM,True,False,True
ENSMUSG00000037876,10090.ENSMUSP00000133700,Jmjd1c,13.253590666666668,protein_coding,3.165777977745111,MM,True,False,False
ENSMUSG00000051316,10090.ENSMUSP00000065645,Taf7,30.782757000000004,protein_coding,4.286841753989222,MM,True,False,True
ENSMUSG00000052180,10090.ENSMUSP00000127619,Serpinb6c,1.107093,protein_coding,0.7367965003983257,MM,True,False,True
ENSMUSG00000026662,10090.ENSMUSP00000027973,Sephs1,1.9359346666666664,protein_coding,1.1141988673238477,MM,True,False,True
ENSMUSG00000021033,10090.ENSMUSP00000053540,Gstz1,41.94057566666667,protein_coding,4.712997665247091,MM,True,False,True
ENSMUSG00000020747,10090.ENSMUSP00000091440,Tmem94,18.176089,protein_coding,3.5761962753600502,MM,True,True,True
ENSMUSG00000003299,10090.ENSMUSP00000003386,Mrpl4,20.817633333333333,protein_coding,3.7559296420466706,MM,True,False,True
ENSMUSG00000055850,10090.ENSMUSP00000066128,Rnf181,70.59063233333333,protein_coding,5.441334109622168,MM,True,False,True
ENSMUSG00000003752,10090.ENSMUSP00000003850,Itpkc,7.991568999999998,protein_coding,2.5376066914952906,MM,True,False,True
ENSMUSG00000058183,10090.ENSMUSP00000101259,Mmel1,44.39298733333334,protein_coding,4.791750528681281,MM,True,False,False
ENSMUSG00000025348,10090.ENSMUSP00000096712,Itga7,1.210874,protein_coding,0.7888908607629015,MM,True,False,True
ENSMUSG00000075528,10090.ENSMUSP00000067912,Aarsd1,28.785959,protein_coding,4.194383064282044,MM,True,False,False
ENSMUSG00000032352,10090.ENSMUSP00000109048,Lrrc1,116.27437333333334,protein_coding,6.148523805199377,MM,True,True,False
ENSMUSG00000021018,10090.ENSMUSP00000021405,Polr2h,7.829096666666667,protein_coding,2.5136718922439147,MM,True,False,True
ENSMUSG00000014164,10090.ENSMUSP00000089173,Klhl3,3.233786333333333,protein_coding,1.558423407317366,MM,True,False,True
ENSMUSG00000025764,10090.ENSMUSP00000128152,Jade1,1.4724579999999998,protein_coding,0.9151825431944989,MM,True,False,True
ENSMUSG00000025724,10090.ENSMUSP00000026818,Sec11a,99.287389,protein_coding,5.924269813640607,MM,True,False,False
ENSMUSG00000028329,10090.ENSMUSP00000030013,Xpa,61.41607533333333,protein_coding,5.245734799162977,MM,True,True,True
ENSMUSG00000040195,10090.ENSMUSP00000045988,Nemp1,133.67266333333336,protein_coding,6.347579518363779,MM,True,True,False
ENSMUSG00000020246,10090.ENSMUSP00000020478,Hcfc2,81.17529300000001,protein_coding,5.6389778069693826,MM,True,False,True
ENSMUSG00000034467,10090.ENSMUSP00000077301,Dynlrb2,154.22892233333334,protein_coding,6.5511039704090015,MM,True,False,True
ENSMUSG00000044734,10090.ENSMUSP00000075690,Serpinb1a,5.7432913333333335,protein_coding,2.155772543540547,MM,True,False,False
ENSMUSG00000022401,10090.ENSMUSP00000038331,Xpnpep3,4.867077,protein_coding,1.9735697664462968,MM,True,False,True
ENSMUSG00000015869,10090.ENSMUSP00000101999,Prpsap1,36.11596666666667,protein_coding,4.50586584744585,MM,True,False,True
ENSMUSG00000074781,10090.ENSMUSP00000096932,Ube2n,168.09438600000001,protein_coding,6.674048841472262,MM,True,False,True
ENSMUSG00000037681,10090.ENSMUSP00000038757,Esyt3,2.1741103333333336,protein_coding,1.2064417243398535,MM,True,False,False
ENSMUSG00000061315,10090.ENSMUSP00000089680,Naca,692.1470949999998,protein_coding,8.705208782165723,MM,True,False,True
ENSMUSG00000041958,10090.ENSMUSP00000044871,Pigs,27.931915000000004,protein_coding,4.153559678773763,MM,True,True,True
ENSMUSG00000030522,10090.ENSMUSP00000032736,Mtmr10,3.657602666666667,protein_coding,1.6779494211156314,MM,True,False,False
ENSMUSG00000066441,10090.ENSMUSP00000124066,Rdh11,287.44538366666666,protein_coding,7.44224398678158,MM,True,False,False
ENSMUSG00000028218,10090.ENSMUSP00000103920,Fam92a,138.52702866666667,protein_coding,6.3982018607091735,MM,True,False,False
ENSMUSG00000035704,10090.ENSMUSP00000095901,Alg8,22.347659000000004,protein_coding,3.8526105539743396,MM,True,True,True
ENSMUSG00000020593,10090.ENSMUSP00000070583,Lpin1,38.99713766666667,protein_coding,4.611745310560921,MM,True,True,True
ENSMUSG00000057657,10090.ENSMUSP00000128443,Rps18-ps3,43.85456866666666,processed_pseudogene,4.77485168737802,MM,True,False,True
ENSMUSG00000022370,10090.ENSMUSP00000130722,Mrpl13,111.122472,protein_coding,6.084477938258464,MM,True,False,True
ENSMUSG00000071650,10090.ENSMUSP00000093965,Ganab,23.53267933333333,protein_coding,3.921607421702968,MM,True,False,True
ENSMUSG00000020794,10090.ENSMUSP00000021148,Ube2g1,5.533325333333334,protein_coding,2.1141178914348333,MM,True,False,True
ENSMUSG00000021238,10090.ENSMUSP00000082288,Aldh6a1,6.013623666666668,protein_coding,2.2073903190370596,MM,True,False,True
ENSMUSG00000032504,10090.ENSMUSP00000107492,Pdcd6ip,19.317095,protein_coding,3.657868547190813,MM,True,False,True
ENSMUSG00000029477,10090.ENSMUSP00000031437,Morn3,48.68955500000001,protein_coding,4.920547909288252,MM,True,False,True
ENSMUSG00000018554,10090.ENSMUSP00000018698,Ybx2,1357.0110269999998,protein_coding,9.67397579644043,MM,True,True,False
ENSMUSG00000026213,10090.ENSMUSP00000027414,Stk11ip,3.8765296666666655,protein_coding,1.7360409632163438,MM,True,False,False
ENSMUSG00000010392,10090.ENSMUSP00000010536,Gosr1,29.15960633333333,protein_coding,4.212701696547465,MM,True,False,True
ENSMUSG00000030987,10090.ENSMUSP00000033289,Stim1,76.99258433333334,protein_coding,5.563916871438775,MM,True,True,True
ENSMUSG00000032235,10090.ENSMUSP00000034761,Ice2,6.2241256666666676,protein_coding,2.246664780006963,MM,True,False,False
ENSMUSG00000022253,10090.ENSMUSP00000068318,Nadk2,18.562642,protein_coding,3.6047402342177826,MM,True,False,True
ENSMUSG00000028845,10090.ENSMUSP00000099676,Tekt2,339.8434043333333,protein_coding,7.681970124186598,MM,True,False,True
ENSMUSG00000046380,10090.ENSMUSP00000051842,Jrk,8.505378666666665,protein_coding,2.6117686966687628,MM,True,True,False
ENSMUSG00000014771,10090.ENSMUSP00000052523,Pdcd2,6.831369666666667,protein_coding,2.352853232921973,MM,True,False,True
ENSMUSG00000000631,10090.ENSMUSP00000130696,Myo18a,16.811158666666667,protein_coding,3.4736546693295463,MM,True,False,False
ENSMUSG00000018001,10090.ENSMUSP00000112157,Cyth3,8.115433333333334,protein_coding,2.5571186542276387,MM,True,False,True
ENSMUSG00000021361,10090.ENSMUSP00000021790,Tmem14c,6.23833,protein_coding,2.248594238815056,MM,True,False,False
ENSMUSG00000015889,10090.ENSMUSP00000016033,Lta4h,15.923818333333333,protein_coding,3.403092170126128,MM,True,False,True
ENSMUSG00000042793,10090.ENSMUSP00000035444,Lgr6,1.8661400000000001,protein_coding,1.086021916226516,MM,True,False,False
ENSMUSG00000027706,10090.ENSMUSP00000029256,Sec62,24.17222933333333,protein_coding,3.9579473080146106,MM,True,False,True
ENSMUSG00000029020,10090.ENSMUSP00000101341,Mfn2,104.634664,protein_coding,5.998351177317975,MM,True,True,True
ENSMUSG00000040731,10090.ENSMUSP00000048833,Eif4h,145.84701033333332,protein_coding,6.470967998592206,MM,True,False,False
ENSMUSG00000015711,10090.ENSMUSP00000015855,Prune1,9.016217333333335,protein_coding,2.6835045312904016,MM,True,False,True
ENSMUSG00000017421,10090.ENSMUSP00000054168,Zfp207,74.76851166666665,protein_coding,5.52346620183679,MM,True,True,False
ENSMUSG00000018921,10090.ENSMUSP00000019065,Pelp1,40.65839133333333,protein_coding,4.669816647831102,MM,True,False,True
ENSMUSG00000073079,10090.ENSMUSP00000021407,Srp54a,56.87079233333333,protein_coding,5.1368834141642346,MM,True,False,True
ENSMUSG00000028976,10090.ENSMUSP00000030826,Slc2a5,283.96110066666665,protein_coding,7.424294500280159,MM,True,False,True
ENSMUSG00000023147,10090.ENSMUSP00000023913,Wrb,12.274797333333336,protein_coding,3.0676754262058035,MM,True,False,True
ENSMUSG00000079083,10090.ENSMUSP00000128798,Jrkl,4.253571666666667,protein_coding,1.8312553164036625,MM,True,False,False
ENSMUSG00000034781,10090.ENSMUSP00000043190,Gna11,14.376360666666665,protein_coding,3.269695028001173,MM,True,False,True
ENSMUSG00000031540,10090.ENSMUSP00000038181,Kat6a,4.725371,protein_coding,1.9420848075529515,MM,True,False,True
ENSMUSG00000036572,10090.ENSMUSP00000075614,Upf3b,13.097467,protein_coding,3.1502020453395216,MM,True,False,True
ENSMUSG00000029191,10090.ENSMUSP00000031092,Rfc1,85.36092099999999,protein_coding,5.7102175011144585,MM,True,False,True
ENSMUSG00000052962,10090.ENSMUSP00000066493,Mrpl35,65.10837433333333,protein_coding,5.326490573402229,MM,True,False,True
ENSMUSG00000003346,10090.ENSMUSP00000003436,Abhd17a,74.98132566666669,protein_coding,5.525532240988771,MM,True,False,True
ENSMUSG00000055882,10090.ENSMUSP00000066520,Abhd16b,2.493625,protein_coding,1.3214030507229886,MM,True,False,True
ENSMUSG00000026927,10090.ENSMUSP00000109737,Entr1,193.573949,protein_coding,6.876002948622301,MM,True,False,True
ENSMUSG00000024240,10090.ENSMUSP00000028100,Epc1,35.13377499999999,protein_coding,4.468449184877697,MM,True,False,True
ENSMUSG00000042215,10090.ENSMUSP00000042009,Bag2,1.5245406666666668,protein_coding,0.938897247036768,MM,True,False,False
ENSMUSG00000025912,10090.ENSMUSP00000086034,Mybl1,55.12195333333333,protein_coding,5.09451361553297,MM,True,True,False
ENSMUSG00000020964,10090.ENSMUSP00000021347,Sel1l,21.435631333333333,protein_coding,3.7965913171389736,MM,True,False,True
ENSMUSG00000056493,10090.ENSMUSP00000072616,Foxk1,5.650232,protein_coding,2.136708401571163,MM,True,False,True
ENSMUSG00000005410,10090.ENSMUSP00000126135,Mcm5,5.089905333333333,protein_coding,2.021055621709895,MM,True,False,True
ENSMUSG00000028698,10090.ENSMUSP00000030464,Pik3r3,46.162212333333336,protein_coding,4.846702074595016,MM,True,True,True
ENSMUSG00000030557,10090.ENSMUSP00000117496,Mef2a,8.740276333333334,protein_coding,2.646053490639422,MM,True,False,False
ENSMUSG00000018433,10090.ENSMUSP00000102368,Nol11,9.727287333333333,protein_coding,2.77686683513265,MM,True,False,False
ENSMUSG00000095041,10090.ENSMUSP00000136649,AC149090.1,81.66790766666666,protein_coding,5.6473634141227596,MM,True,False,False
ENSMUSG00000035395,10090.ENSMUSP00000109592,Pet2,1.068884333333333,protein_coding,0.7163558957204597,MM,True,False,False
ENSMUSG00000024217,10090.ENSMUSP00000063976,Snrpc,117.72288266666664,protein_coding,6.166086699401535,MM,True,True,True
ENSMUSG00000038520,10090.ENSMUSP00000048260,Tbc1d17,14.05925133333333,protein_coding,3.238755325759784,MM,True,False,True
ENSMUSG00000030034,10090.ENSMUSP00000109568,Ino80b,56.93510799999999,protein_coding,5.13784824022787,MM,True,False,False
ENSMUSG00000032410,10090.ENSMUSP00000034981,Xrn1,4.113899333333333,protein_coding,1.7973627803235206,MM,True,False,True
ENSMUSG00000073007,10090.ENSMUSP00000129483,Tent5d,5.991023666666668,protein_coding,2.203299943343969,MM,True,False,False
ENSMUSG00000031060,10090.ENSMUSP00000111032,Rbm10,1.9839433333333332,protein_coding,1.1323805218920324,MM,True,False,False
ENSMUSG00000068479,10090.ENSMUSP00000087372,Mfap1a,30.36595966666667,protein_coding,4.268078142459812,MM,True,False,True
ENSMUSG00000060985,10090.ENSMUSP00000137298,Tdrd5,86.798907,protein_coding,5.733734408147695,MM,True,True,False
ENSMUSG00000022404,10090.ENSMUSP00000023040,Slc25a17,12.217557333333332,protein_coding,3.0618184123568826,MM,True,False,False
ENSMUSG00000026781,10090.ENSMUSP00000110172,Acbd5,15.468145000000002,protein_coding,3.3652843596761786,MM,True,False,False
ENSMUSG00000001424,10090.ENSMUSP00000001460,Snd1,3.868008666666667,protein_coding,1.7337946750523663,MM,True,False,False
ENSMUSG00000019831,10090.ENSMUSP00000019975,Wasf1,4.3103316666666665,protein_coding,1.8451803693546678,MM,True,False,True
ENSMUSG00000040359,10090.ENSMUSP00000100059,Ufl1,54.93181233333333,protein_coding,5.089770410108112,MM,True,False,True
ENSMUSG00000069565,10090.ENSMUSP00000089958,Dazap1,189.9390106666667,protein_coding,6.8473949943357715,MM,True,True,True
ENSMUSG00000026740,10090.ENSMUSP00000126321,Dnajc1,9.763741333333334,protein_coding,2.7811365594339743,MM,True,False,False
ENSMUSG00000055639,10090.ENSMUSP00000071464,Dach1,1.1313176666666669,protein_coding,0.7493666407231192,MM,True,False,True
ENSMUSG00000060733,10090.ENSMUSP00000078240,Ipmk,4.333989666666667,protein_coding,1.8510912390447836,MM,True,False,True
ENSMUSG00000020743,10090.ENSMUSP00000102116,Mif4gd,444.4432676666667,protein_coding,8.067920100144255,MM,True,False,True
ENSMUSG00000028294,10090.ENSMUSP00000103771,Cfap206,986.2170613333333,protein_coding,9.21508008743587,MM,True,True,True
ENSMUSG00000064063,10090.ENSMUSP00000077564,BC048507,21.103362333333333,protein_coding,3.775270810535168,MM,True,False,True
ENSMUSG00000025147,10090.ENSMUSP00000081455,Mob2,13.353824666666664,protein_coding,3.175033026998968,MM,True,True,True
ENSMUSG00000022718,10090.ENSMUSP00000009321,Dgcr8,5.957423,protein_coding,2.196638411250712,MM,True,False,True
ENSMUSG00000028882,10090.ENSMUSP00000030702,Ppp1r8,27.860581666666665,protein_coding,4.1501016402612745,MM,True,False,True
ENSMUSG00000073102,10090.ENSMUSP00000098992,Drc1,223.540746,protein_coding,7.081803225126712,MM,True,False,True
ENSMUSG00000026341,10090.ENSMUSP00000137503,Actr3,27.200741333333333,protein_coding,4.118185691613162,MM,True,False,True
ENSMUSG00000056209,10090.ENSMUSP00000069578,Npm3,130.82991800000002,protein_coding,6.316036292727329,MM,True,False,True
ENSMUSG00000028291,10090.ENSMUSP00000081322,Akirin2,413.09255966666666,protein_coding,7.963270440669989,MM,True,True,False
ENSMUSG00000025872,10090.ENSMUSP00000026990,Thoc3,27.616014,protein_coding,4.138054975959079,MM,True,False,True
ENSMUSG00000045886,10090.ENSMUSP00000137140,Gm9803,110.790802,protein_coding,6.079828067067836,MM,True,False,True
ENSMUSG00000021127,10090.ENSMUSP00000021552,Zfp36l1,11.359935,protein_coding,2.969781048683604,MM,True,False,True
ENSMUSG00000094973,10090.ENSMUSP00000133154,Gm8994,2.7780709999999997,protein_coding,1.4177578394873596,MM,True,False,True
ENSMUSG00000004069,10090.ENSMUSP00000053842,Dnaja3,30.62839266666667,protein_coding,4.279779463595343,MM,True,False,False
ENSMUSG00000041360,10090.ENSMUSP00000075573,Pum3,15.615067666666668,protein_coding,3.3775099897807843,MM,True,False,True
ENSMUSG00000000131,10090.ENSMUSP00000009344,Xpo6,91.280879,protein_coding,5.804622456465633,MM,True,False,True
ENSMUSG00000004565,10090.ENSMUSP00000106699,Pnpla6,1.5984993333333335,protein_coding,0.9715223406215157,MM,True,False,True
ENSMUSG00000033184,10090.ENSMUSP00000120904,Tmed7,33.43328233333333,protein_coding,4.400723787554937,MM,True,False,True
ENSMUSG00000047221,10090.ENSMUSP00000058333,Fam185a,6.903813666666667,protein_coding,2.3653637832361336,MM,True,False,False
ENSMUSG00000036503,10090.ENSMUSP00000049331,Rnf13,20.085052666666666,protein_coding,3.7098365799848483,MM,True,False,False
ENSMUSG00000062270,10090.ENSMUSP00000082346,Morf4l1,1635.7958983333335,protein_coding,9.943958221027088,MM,True,False,True
ENSMUSG00000021036,10090.ENSMUSP00000021424,Sptlc2,7.640920333333334,protein_coding,2.4845359455981644,MM,True,False,True
ENSMUSG00000059495,10090.ENSMUSP00000126598,Arhgef12,4.196227333333333,protein_coding,1.817298938685941,MM,True,False,True
ENSMUSG00000009555,10090.ENSMUSP00000009699,Cdk9,61.15465166666666,protein_coding,5.239437657595471,MM,True,False,True
ENSMUSG00000093930,10090.ENSMUSP00000136944,Hmgcs1,42.060872666666654,protein_coding,4.717632193447811,MM,True,False,True
ENSMUSG00000058558,10090.ENSMUSP00000080854,Rpl5,199.31732666666667,protein_coding,6.917677617986677,MM,True,False,True
ENSMUSG00000028524,10090.ENSMUSP00000079553,Sgip1,5.258612333333333,protein_coding,2.0577383780638523,MM,True,False,True
ENSMUSG00000020460,10090.ENSMUSP00000099909,Rps27a,317.47115099999996,protein_coding,7.584976183717047,MM,True,False,True
ENSMUSG00000037415,10090.ENSMUSP00000040045,Ranbp10,21.92477066666667,protein_coding,3.8262585124622825,MM,True,False,True
ENSMUSG00000020708,10090.ENSMUSP00000021049,Psmc5,223.09951766666669,protein_coding,7.078564144929827,MM,True,False,True
ENSMUSG00000028184,10090.ENSMUSP00000101734,Adgrl2,21.243606666666672,protein_coding,3.7843281895656204,MM,True,False,False
ENSMUSG00000029406,10090.ENSMUSP00000124111,Pitpnm2,4.528805666666667,protein_coding,1.8962929061232916,MM,True,False,False
ENSMUSG00000063334,10090.ENSMUSP00000125746,Krr1,27.522276,protein_coding,4.133377121752387,MM,True,False,True
ENSMUSG00000012405,10090.ENSMUSP00000079163,Rpl15,36.21012133333333,protein_coding,4.509957377950213,MM,True,False,True
ENSMUSG00000004933,10090.ENSMUSP00000113221,Matk,1.380839666666667,protein_coding,0.8712493670213767,MM,True,False,False
ENSMUSG00000027883,10090.ENSMUSP00000029482,Gpsm2,39.768692,protein_coding,4.639318363439505,MM,True,False,True
ENSMUSG00000032561,10090.ENSMUSP00000059889,Acpp,2.017141,protein_coding,1.1463363256427022,MM,True,False,False
ENSMUSG00000023832,10090.ENSMUSP00000007005,Acat2,11.110784333333333,protein_coding,2.9418306700562056,MM,True,False,True
ENSMUSG00000015733,10090.ENSMUSP00000015877,Capza2,53.70151133333334,protein_coding,5.058013578656582,MM,True,False,True
ENSMUSG00000061589,10090.ENSMUSP00000100973,Dot1l,47.79953266666666,protein_coding,4.894123696436021,MM,True,False,False
ENSMUSG00000024875,10090.ENSMUSP00000025811,Yif1a,26.219452666666665,protein_coding,4.067371255474011,MM,True,True,True
ENSMUSG00000002846,10090.ENSMUSP00000002925,Timmdc1,7.735358666666666,protein_coding,2.4988756447312848,MM,True,True,True
ENSMUSG00000028106,10090.ENSMUSP00000088297,Rprd2,20.902544333333328,protein_coding,3.7627016675340634,MM,True,False,True
ENSMUSG00000034893,10090.ENSMUSP00000045016,Cog3,22.284384333333332,protein_coding,3.848407815744046,MM,True,True,True
ENSMUSG00000024908,10090.ENSMUSP00000109630,Ppp6r3,33.574393,protein_coding,4.406042898484818,MM,True,False,True
ENSMUSG00000024400,10090.ENSMUSP00000025264,Wdr33,55.921027,protein_coding,5.113876491891266,MM,True,False,True
ENSMUSG00000029462,10090.ENSMUSP00000121020,Vps29,74.23855833333333,protein_coding,5.512331481273825,MM,True,False,True
ENSMUSG00000026925,10090.ENSMUSP00000119485,Inpp5e,24.21054766666667,protein_coding,3.959703458384889,MM,True,True,True
ENSMUSG00000028822,10090.ENSMUSP00000030626,Tmem50a,6.839100000000001,protein_coding,2.354343639350601,MM,True,False,True
ENSMUSG00000019373,10090.ENSMUSP00000019517,Cops3,342.41235366666666,protein_coding,7.693459590174404,MM,True,True,True
ENSMUSG00000028657,10090.ENSMUSP00000030412,Ppt1,14.415177333333332,protein_coding,3.273744683688896,MM,True,False,True
ENSMUSG00000026463,10090.ENSMUSP00000119242,Atp2b4,15.606998,protein_coding,3.376795460474187,MM,True,True,False
ENSMUSG00000027018,10090.ENSMUSP00000107750,Hat1,52.49424133333334,protein_coding,5.026043316350627,MM,True,False,True
ENSMUSG00000045064,10090.ENSMUSP00000051664,Zc2hc1c,19.42395,protein_coding,3.6645294503426946,MM,True,False,False
ENSMUSG00000030161,10090.ENSMUSP00000032264,Gabarapl1,43.26064233333333,protein_coding,4.755485526688445,MM,True,False,True
ENSMUSG00000025024,10090.ENSMUSP00000025997,Smndc1,52.62720266666667,protein_coding,5.029450750749864,MM,True,False,False
ENSMUSG00000028911,10090.ENSMUSP00000061474,Srsf4,61.24948133333334,protein_coding,5.241363946979347,MM,True,False,True
ENSMUSG00000037286,10090.ENSMUSP00000116205,Stag1,27.53482366666667,protein_coding,4.1353958687773495,MM,True,False,True
ENSMUSG00000041396,10090.ENSMUSP00000048636,Mettl18,3.4517396666666667,protein_coding,1.6215978971876301,MM,True,False,True
ENSMUSG00000021178,10090.ENSMUSP00000021595,Psmc1,173.73441066666663,protein_coding,6.721268058471491,MM,True,False,True
ENSMUSG00000054728,10090.ENSMUSP00000115228,Phactr1,31.97596966666667,protein_coding,4.339009599057412,MM,True,False,True
ENSMUSG00000032648,10090.ENSMUSP00000047564,Pygm,1.1021503333333331,protein_coding,0.7341047807179849,MM,True,False,True
ENSMUSG00000040629,10090.ENSMUSP00000045828,Mael,1061.2256673333334,protein_coding,9.320631037860098,MM,True,False,True
ENSMUSG00000066150,10090.ENSMUSP00000081574,Slc31a1,10.291277666666668,protein_coding,2.8462921169336735,MM,True,True,False
ENSMUSG00000008305,10090.ENSMUSP00000072481,Tle1,5.388944666666667,protein_coding,2.0837516469947976,MM,True,False,True
ENSMUSG00000031666,10090.ENSMUSP00000034091,Rbl2,20.99646,protein_coding,3.768406597399532,MM,True,False,True
ENSMUSG00000022142,10090.ENSMUSP00000128819,Nup155,19.864392000000002,protein_coding,3.694912574162317,MM,True,False,True
ENSMUSG00000047554,10090.ENSMUSP00000091641,Tmem41b,38.93300766666667,protein_coding,4.609956812695532,MM,True,False,True
ENSMUSG00000054099,10090.ENSMUSP00000067611,Slc25a40,3.762409666666666,protein_coding,1.7058198783072056,MM,True,False,False
ENSMUSG00000029174,10090.ENSMUSP00000044577,Tbc1d1,57.89344166666668,protein_coding,5.162088705372814,MM,True,False,True
ENSMUSG00000017376,10090.ENSMUSP00000119345,Nlk,4.3793326666666665,protein_coding,1.861527717974993,MM,True,False,False
ENSMUSG00000033319,10090.ENSMUSP00000038816,Fem1c,90.84989666666668,protein_coding,5.798582810094456,MM,True,False,True
ENSMUSG00000053111,10090.ENSMUSP00000069013,Fank1,441.5562746666667,protein_coding,8.058448226064398,MM,True,False,True
ENSMUSG00000035245,10090.ENSMUSP00000061610,Eogt,1.360394,protein_coding,0.8625384099764863,MM,True,False,True
ENSMUSG00000043424,10090.ENSMUSP00000054421,Eif3j2,8.713985333333332,protein_coding,2.645999480503808,MM,True,False,False
ENSMUSG00000005897,10090.ENSMUSP00000100927,Nr2c1,18.204514666666665,protein_coding,3.5795335361576694,MM,True,True,False
ENSMUSG00000027879,10090.ENSMUSP00000029476,Sec22b,25.64543333333333,protein_coding,4.038150254105928,MM,True,False,True
ENSMUSG00000016664,10090.ENSMUSP00000130098,Pacsin2,35.02969233333334,protein_coding,4.464331620665994,MM,True,False,True
ENSMUSG00000022407,10090.ENSMUSP00000023043,Adsl,61.220023,protein_coding,5.24085202105172,MM,True,False,True
ENSMUSG00000032293,10090.ENSMUSP00000034843,Ireb2,14.055692,protein_coding,3.2413254390126682,MM,True,False,False
ENSMUSG00000040423,10090.ENSMUSP00000124871,Rc3h1,10.574334333333336,protein_coding,2.8800401348331577,MM,True,False,False
ENSMUSG00000037020,10090.ENSMUSP00000103825,Wdr62,248.15562466666668,protein_coding,7.2307759745908085,MM,True,True,True
ENSMUSG00000032423,10090.ENSMUSP00000063744,Syncrip,17.463418333333333,protein_coding,3.5242220157437285,MM,True,False,False
ENSMUSG00000059179,10090.ENSMUSP00000072775,Gm8991,25.66135966666667,processed_pseudogene,4.038801872077358,MM,True,False,True
ENSMUSG00000030421,10090.ENSMUSP00000082646,Uri1,49.409186,protein_coding,4.941426060387568,MM,True,False,True
ENSMUSG00000001588,10090.ENSMUSP00000001631,Acap1,1.0273186666666667,protein_coding,0.6943293012028326,MM,True,False,False
ENSMUSG00000016833,10090.ENSMUSP00000016977,Mrps18c,50.09306066666667,protein_coding,4.960668268509394,MM,True,False,True
ENSMUSG00000025607,10090.ENSMUSP00000038368,Copg2,56.81667066666667,protein_coding,5.136702318667997,MM,True,True,True
ENSMUSG00000027533,10090.ENSMUSP00000029046,Fabp5,4.253732,protein_coding,1.8313069397433492,MM,True,True,True
ENSMUSG00000021557,10090.ENSMUSP00000022040,Agtpbp1,135.88557699999998,protein_coding,6.371189754957105,MM,True,False,True
ENSMUSG00000025439,10090.ENSMUSP00000026506,Clns1a,77.34317300000002,protein_coding,5.570681271902767,MM,True,False,False
ENSMUSG00000022386,10090.ENSMUSP00000023019,Trmu,10.225765666666666,protein_coding,2.837566074127383,MM,True,False,True
ENSMUSG00000032536,10090.ENSMUSP00000044482,Trak1,18.890912333333336,protein_coding,3.627727991412398,MM,True,True,True
ENSMUSG00000026495,10090.ENSMUSP00000027775,Efcab2,143.48917633333338,protein_coding,6.448418276589339,MM,True,True,True
ENSMUSG00000028360,10090.ENSMUSP00000087394,Slc44a5,1.4510993333333335,protein_coding,0.9055462753751042,MM,True,False,False
ENSMUSG00000028898,10090.ENSMUSP00000030730,Trnau1ap,10.042806999999998,protein_coding,2.8154753520850164,MM,True,False,True
ENSMUSG00000024044,10090.ENSMUSP00000108300,Epb41l3,5.2526546666666665,protein_coding,2.056406648660574,MM,True,False,True
ENSMUSG00000027763,10090.ENSMUSP00000096686,Mbnl1,3.455867333333334,protein_coding,1.6224887312169565,MM,True,False,True
ENSMUSG00000024169,10090.ENSMUSP00000024983,Ift140,266.93097933333337,protein_coding,7.335550141070324,MM,True,True,True
ENSMUSG00000059791,10090.ENSMUSP00000073873,Nrm,11.284431666666665,protein_coding,2.9606521300506485,MM,True,False,False
ENSMUSG00000029599,10090.ENSMUSP00000031598,Ddx54,14.969203333333333,protein_coding,3.321932903862817,MM,True,False,False
ENSMUSG00000013150,10090.ENSMUSP00000013294,Gfod2,1.3098653333333334,protein_coding,0.837778314597555,MM,True,False,True
ENSMUSG00000026289,10090.ENSMUSP00000027512,Atg16l1,2.752893666666667,protein_coding,1.4095754082644616,MM,True,False,True
ENSMUSG00000039842,10090.ENSMUSP00000037000,Mcph1,8.668259999999998,protein_coding,2.6357447964920295,MM,True,False,True
ENSMUSG00000029175,10090.ENSMUSP00000058680,Slc35f6,13.786159666666668,protein_coding,3.2146165541018403,MM,True,False,True
ENSMUSG00000020664,10090.ENSMUSP00000106481,Dld,162.49293,protein_coding,6.6261052582389075,MM,True,False,True
ENSMUSG00000042272,10090.ENSMUSP00000099720,Sestd1,15.048427333333334,protein_coding,3.3286809104987065,MM,True,True,True
ENSMUSG00000039703,10090.ENSMUSP00000099306,Nploc4,92.77938833333332,protein_coding,5.827804665327613,MM,True,True,True
ENSMUSG00000048874,10090.ENSMUSP00000139610,Phf3,19.86229433333333,protein_coding,3.695310114986259,MM,True,False,True
ENSMUSG00000041702,10090.ENSMUSP00000046951,Btbd7,29.450922,protein_coding,4.226316106259917,MM,True,False,False
ENSMUSG00000036327,10090.ENSMUSP00000037128,Qsox2,11.936149333333333,protein_coding,3.031699548825765,MM,True,False,False
ENSMUSG00000024833,10090.ENSMUSP00000025752,Pola2,41.59348033333333,protein_coding,4.7012711367264925,MM,True,True,True
ENSMUSG00000040697,10090.ENSMUSP00000048714,Dnajc16,7.108108666666666,protein_coding,2.398962036036613,MM,True,False,True
ENSMUSG00000025995,10090.ENSMUSP00000027139,Wdr75,21.393291666666673,protein_coding,3.794409766293313,MM,True,False,True
ENSMUSG00000006567,10090.ENSMUSP00000006742,Atp7b,2.2138633333333333,protein_coding,1.2210645309755603,MM,True,False,False
ENSMUSG00000063902,10090.ENSMUSP00000095927,Gm7964,55.156985,processed_pseudogene,5.095268266405264,MM,True,False,True
ENSMUSG00000031782,10090.ENSMUSP00000034234,Coq9,84.59715533333333,protein_coding,5.69722204849099,MM,True,False,True
ENSMUSG00000040407,10090.ENSMUSP00000046129,Akap9,5.713965666666668,protein_coding,2.1499626542346255,MM,True,False,True
ENSMUSG00000022214,10090.ENSMUSP00000072344,Dcaf11,37.803281,protein_coding,4.56902613919043,MM,True,False,True
ENSMUSG00000027639,10090.ENSMUSP00000059717,Samhd1,15.977938,protein_coding,3.4089170659554164,MM,True,False,False
ENSMUSG00000024201,10090.ENSMUSP00000025036,Kdm4b,1.19569,protein_coding,0.7816917924448548,MM,True,False,True
ENSMUSG00000025069,10090.ENSMUSP00000052592,Gsto2,297.9004720000001,protein_coding,7.493299655818528,MM,True,False,False
ENSMUSG00000022442,10090.ENSMUSP00000016897,Ttll1,43.163198,protein_coding,4.7525484410457555,MM,True,False,True
ENSMUSG00000031796,10090.ENSMUSP00000034249,Cfap20,140.00697833333334,protein_coding,6.412667612278715,MM,True,False,False
ENSMUSG00000089847,10090.ENSMUSP00000102395,Timm10b,30.569127,protein_coding,4.275774864630606,MM,True,False,True
ENSMUSG00000004018,10090.ENSMUSP00000004120,Fancl,11.284962,protein_coding,2.961598264561033,MM,True,True,True
ENSMUSG00000027288,10090.ENSMUSP00000055602,Zfp106,9.771849666666666,protein_coding,2.782095667481016,MM,True,False,False
ENSMUSG00000004661,10090.ENSMUSP00000130173,Arid3b,26.135200666666666,protein_coding,4.063117712011014,MM,True,False,False
ENSMUSG00000055553,10090.ENSMUSP00000091165,Kxd1,162.30297333333334,protein_coding,6.62337643031647,MM,True,False,True
ENSMUSG00000020827,10090.ENSMUSP00000072649,Mink1,3.8985760000000003,protein_coding,1.741391047407536,MM,True,False,False
ENSMUSG00000021731,10090.ENSMUSP00000022245,Mrps30,39.51778633333333,protein_coding,4.630931668734967,MM,True,True,True
ENSMUSG00000004207,10090.ENSMUSP00000101105,Psap,31.51039033333333,protein_coding,4.318421116576458,MM,True,False,True
ENSMUSG00000024369,10090.ENSMUSP00000134272,Nelfe,163.15505466666662,protein_coding,6.630860037912923,MM,True,False,True
ENSMUSG00000078773,10090.ENSMUSP00000066977,Rad54b,7.239646666666666,protein_coding,2.4207642572696346,MM,True,True,True
ENSMUSG00000096914,10090.ENSMUSP00000096353,Galntl6,107.97813166666668,protein_coding,6.043573232833411,MM,True,False,False
ENSMUSG00000003970,10090.ENSMUSP00000004072,Rpl8,507.94895433333335,protein_coding,8.258790429908698,MM,True,False,True
ENSMUSG00000063410,10090.ENSMUSP00000078746,Stk24,2.439352,protein_coding,1.3035580811473353,MM,True,False,True
ENSMUSG00000083649,10090.ENSMUSP00000129559,Rasl2-9,177.4096933333333,protein_coding,6.7509908998733605,MM,True,False,True
ENSMUSG00000027099,10090.ENSMUSP00000028511,Mtx2,46.68296066666666,protein_coding,4.86248979325037,MM,True,True,True
ENSMUSG00000025156,10090.ENSMUSP00000112007,Gps1,174.12290433333337,protein_coding,6.723658341698191,MM,True,False,True
ENSMUSG00000021096,10090.ENSMUSP00000021514,Ppm1a,36.65891866666667,protein_coding,4.5261143334882314,MM,True,False,True
ENSMUSG00000029624,10090.ENSMUSP00000031628,Ptcd1,34.12428766666667,protein_coding,4.427440686885044,MM,True,True,False
ENSMUSG00000036686,10090.ENSMUSP00000046449,Cc2d1a,15.066781999999998,protein_coding,3.33032854481731,MM,True,True,False
ENSMUSG00000017858,10090.ENSMUSP00000018002,Ift52,41.55647566666666,protein_coding,4.7001264528438185,MM,True,False,False
ENSMUSG00000091732,10090.ENSMUSP00000129198,Gm17541,1.8142790000000002,processed_pseudogene,1.0641383244918907,MM,True,False,True
ENSMUSG00000031154,10090.ENSMUSP00000033494,Otud5,12.259774333333333,protein_coding,3.0661901325136864,MM,True,False,False
ENSMUSG00000038046,10090.ENSMUSP00000042882,Mrm3,2.853427,protein_coding,1.4416906263695703,MM,True,False,True
ENSMUSG00000050229,10090.ENSMUSP00000052838,Pigm,3.329283666666667,protein_coding,1.5865593212972873,MM,True,False,True
ENSMUSG00000038831,10090.ENSMUSP00000088563,Ralgps1,38.30822133333333,protein_coding,4.587700960529787,MM,True,True,True
ENSMUSG00000019432,10090.ENSMUSP00000134178,Ddx39b,75.94773066666666,protein_coding,5.54472464093791,MM,True,True,True
ENSMUSG00000023044,10090.ENSMUSP00000023805,Csad,2.420428333333333,protein_coding,1.2965803554805597,MM,True,False,True
ENSMUSG00000026705,10090.ENSMUSP00000107238,Klhl20,5.198919333333333,protein_coding,2.0453812261928452,MM,True,False,True
ENSMUSG00000047407,10090.ENSMUSP00000130930,Tgif1,72.40095,protein_coding,5.477555425044803,MM,True,False,True
ENSMUSG00000031065,10090.ENSMUSP00000033380,Cdk16,9.884085333333333,protein_coding,2.796177772044358,MM,True,False,True
ENSMUSG00000055204,10090.ENSMUSP00000014421,Ankrd17,11.717899666666668,protein_coding,3.0090675169820713,MM,True,False,False
ENSMUSG00000026754,10090.ENSMUSP00000037735,Golga1,56.80628833333333,protein_coding,5.1367704320496745,MM,True,True,True
ENSMUSG00000035726,10090.ENSMUSP00000042283,Supt16,71.84018466666667,protein_coding,5.466757789712538,MM,True,True,True
ENSMUSG00000040225,10090.ENSMUSP00000138433,Prrc2c,12.386537,protein_coding,3.0795007129410528,MM,True,False,True
ENSMUSG00000033102,10090.ENSMUSP00000046003,Cdc14b,20.913055666666672,protein_coding,3.763788311609936,MM,True,False,False
ENSMUSG00000061477,10090.ENSMUSP00000073880,Rps7,304.0001016666667,protein_coding,7.52187092917252,MM,True,False,True
ENSMUSG00000030780,10090.ENSMUSP00000033044,BC017158,4.017562666666667,protein_coding,1.7725585384027607,MM,True,True,False
ENSMUSG00000020273,10090.ENSMUSP00000020513,Papolg,19.094625333333333,protein_coding,3.642452361030617,MM,True,True,False
ENSMUSG00000039159,10090.ENSMUSP00000100058,Ube2h,13.740797333333333,protein_coding,3.2117561995902775,MM,True,False,True
ENSMUSG00000001440,10090.ENSMUSP00000001479,Kpnb1,175.0661113333333,protein_coding,6.732177540042546,MM,True,True,True
ENSMUSG00000032418,10090.ENSMUSP00000034989,Me1,345.065898,protein_coding,7.704563694675852,MM,True,False,True
ENSMUSG00000041912,10090.ENSMUSP00000129635,Tdrkh,49.67024233333333,protein_coding,4.949177561054355,MM,True,False,False
ENSMUSG00000027429,10090.ENSMUSP00000028916,Sec23b,15.031141333333332,protein_coding,3.3274911117319976,MM,True,False,True
ENSMUSG00000061322,10090.ENSMUSP00000100028,Dnaic1,96.39624299999998,protein_coding,5.882195516269606,MM,True,True,True
ENSMUSG00000031864,10090.ENSMUSP00000034328,Ints10,193.385559,protein_coding,6.8749934750499335,MM,True,False,True
ENSMUSG00000026779,10090.ENSMUSP00000028119,Mastl,2.0547540000000004,protein_coding,1.1612489939883524,MM,True,False,True
ENSMUSG00000016528,10090.ENSMUSP00000016672,Mapkapk2,6.874479666666668,protein_coding,2.3603085530688084,MM,True,False,True
ENSMUSG00000036528,10090.ENSMUSP00000095738,Ppfibp2,10.410870666666668,protein_coding,2.860404741947223,MM,True,False,True
ENSMUSG00000041215,10090.ENSMUSP00000111222,Yeats2,1.6088993333333337,protein_coding,0.9765334983379835,MM,True,False,False
ENSMUSG00000049553,10090.ENSMUSP00000060858,Polr1a,18.392448,protein_coding,3.592257527902456,MM,True,False,False
ENSMUSG00000001521,10090.ENSMUSP00000001562,Tulp3,1.1193870000000001,protein_coding,0.7424834361169117,MM,True,False,False
ENSMUSG00000018900,10090.ENSMUSP00000019044,Slc22a5,18.181031666666666,protein_coding,3.577598980482459,MM,True,True,False
ENSMUSG00000031347,10090.ENSMUSP00000110198,Cetn2,4.553808666666668,protein_coding,1.903269314266285,MM,True,False,True
ENSMUSG00000021037,10090.ENSMUSP00000021425,Ahsa1,86.86308299999999,protein_coding,5.734782958746267,MM,True,False,False
ENSMUSG00000028809,10090.ENSMUSP00000125003,Srrm1,70.56256366666666,protein_coding,5.440878334403763,MM,True,False,True
ENSMUSG00000025858,10090.ENSMUSP00000026976,Get4,35.614664666666656,protein_coding,4.485830102821132,MM,True,False,True
ENSMUSG00000034902,10090.ENSMUSP00000100964,Pip5k1c,1.1883803333333334,protein_coding,0.7777219878586845,MM,True,False,True
ENSMUSG00000027809,10090.ENSMUSP00000029386,Etfdh,17.912956333333334,protein_coding,3.5581075978860426,MM,True,False,True
ENSMUSG00000044949,10090.ENSMUSP00000056765,Ubtd2,52.610073,protein_coding,5.0286139115875494,MM,True,False,True
ENSMUSG00000100937,10090.ENSMUSP00000140922,1700020D05Rik,484.470856,protein_coding,8.191602959128154,MM,True,False,False
ENSMUSG00000003072,10090.ENSMUSP00000101006,Atp5d,98.29625166666666,protein_coding,5.908758389421822,MM,True,False,True
ENSMUSG00000025613,10090.ENSMUSP00000026704,Cct8,315.95598366666667,protein_coding,7.578181018778536,MM,True,False,True
ENSMUSG00000030286,10090.ENSMUSP00000032425,Emc3,62.310529,protein_coding,5.2659465727597,MM,True,False,True
ENSMUSG00000007617,10090.ENSMUSP00000078093,Homer1,4.390391999999999,protein_coding,1.8648131823721106,MM,True,False,False
ENSMUSG00000030708,10090.ENSMUSP00000059074,Dnajb13,93.99413799999998,protein_coding,5.845865738357169,MM,True,False,True
ENSMUSG00000043284,10090.ENSMUSP00000059494,Tmem11,6.883827333333333,protein_coding,2.3620766066526486,MM,True,False,False
ENSMUSG00000028318,10090.ENSMUSP00000121007,Polr1e,23.112303,protein_coding,3.8975655278648036,MM,True,False,False
ENSMUSG00000020691,10090.ENSMUSP00000021030,Mettl2,14.351736666666667,protein_coding,3.268209996822516,MM,True,False,True
ENSMUSG00000037475,10090.ENSMUSP00000044677,Thoc2,1.7435563333333333,protein_coding,1.034572118426009,MM,True,False,True
ENSMUSG00000018740,10090.ENSMUSP00000099666,Slc25a35,3.7166376666666663,protein_coding,1.6955973143442034,MM,True,False,True
ENSMUSG00000021242,10090.ENSMUSP00000021668,Npc2,10.058229333333333,protein_coding,2.8174179231800567,MM,True,False,False
ENSMUSG00000020863,10090.ENSMUSP00000021226,Luc7l3,89.49138899999998,protein_coding,5.777520477078184,MM,True,True,True
ENSMUSG00000032601,10090.ENSMUSP00000035220,Prkar2a,22.929390666666666,protein_coding,3.8870287552475755,MM,True,False,True
ENSMUSG00000032594,10090.ENSMUSP00000035214,Ip6k1,64.01013433333334,protein_coding,5.303431780744387,MM,True,False,True
ENSMUSG00000024563,10090.ENSMUSP00000130115,Smad2,5.686284,protein_coding,2.1448776925127984,MM,True,False,True
ENSMUSG00000063488,10090.ENSMUSP00000071695,Zkscan7,13.927387,protein_coding,3.229472153866909,MM,True,True,False
ENSMUSG00000007908,10090.ENSMUSP00000008052,Hmgcll1,1.5107039999999998,protein_coding,0.9327183501992022,MM,True,False,True
ENSMUSG00000068749,10090.ENSMUSP00000088057,Psma5,33.33790866666667,protein_coding,4.396185228415971,MM,True,False,True
ENSMUSG00000038095,10090.ENSMUSP00000066808,Sbno1,97.14097566666668,protein_coding,5.894967327064454,MM,True,True,True
ENSMUSG00000035437,10090.ENSMUSP00000068835,Rabgap1,20.30068,protein_coding,3.724001276777349,MM,True,False,True
ENSMUSG00000026482,10090.ENSMUSP00000027760,Rgl1,38.24030933333333,protein_coding,4.584769106511653,MM,True,False,True
ENSMUSG00000027423,10090.ENSMUSP00000105657,Snx5,16.712434666666667,protein_coding,3.4667463500642537,MM,True,False,True
ENSMUSG00000031505,10090.ENSMUSP00000033901,Naxd,28.74491833333333,protein_coding,4.192964817367037,MM,True,True,True
ENSMUSG00000032047,10090.ENSMUSP00000034547,Acat1,24.39698033333333,protein_coding,3.9707174444949196,MM,True,True,True
ENSMUSG00000028710,10090.ENSMUSP00000135831,Atpaf1,7.897936,protein_coding,2.523872039438904,MM,True,False,True
ENSMUSG00000028423,10090.ENSMUSP00000095747,Nfx1,12.123088,protein_coding,3.0521086916847495,MM,True,False,False
ENSMUSG00000032571,10090.ENSMUSP00000067400,Pik3r4,20.470365666666666,protein_coding,3.7337169936249848,MM,True,False,True
ENSMUSG00000034724,10090.ENSMUSP00000119415,Cnot6l,1.9403436666666665,protein_coding,1.116023562447996,MM,True,False,True
ENSMUSG00000029275,10090.ENSMUSP00000135884,Gfi1,3.207190333333333,protein_coding,1.5502132922624765,MM,True,False,False
ENSMUSG00000020349,10090.ENSMUSP00000020608,Ppp2ca,8.424812333333334,protein_coding,2.601277511578222,MM,True,False,True
ENSMUSG00000033813,10090.ENSMUSP00000129157,Tcea1,14.327046,protein_coding,3.2664447001377925,MM,True,False,False
ENSMUSG00000044475,10090.ENSMUSP00000052351,Ascc1,57.63628533333333,protein_coding,5.156751556385365,MM,True,False,True
ENSMUSG00000078157,10090.ENSMUSP00000100568,4931440F15Rik,8.012592333333334,protein_coding,2.540604711272575,MM,True,False,True
ENSMUSG00000033295,10090.ENSMUSP00000039368,Ptprf,2.4405419999999998,protein_coding,1.3030266973384577,MM,True,False,True
ENSMUSG00000067369,10090.ENSMUSP00000084820,Trmt2b,1.2700559999999999,protein_coding,0.8186507179798833,MM,True,False,False
ENSMUSG00000022194,10090.ENSMUSP00000022808,Pabpn1,151.87725833333334,protein_coding,6.5288918734721095,MM,True,False,False
ENSMUSG00000057278,10090.ENSMUSP00000086987,Snrpg,75.08507033333333,protein_coding,5.528960402341085,MM,True,False,True
ENSMUSG00000031967,10090.ENSMUSP00000001520,Afg3l1,7.891208333333334,protein_coding,2.5222002458498,MM,True,False,False
ENSMUSG00000048661,10090.ENSMUSP00000113103,Lemd3,16.41868666666667,protein_coding,3.4433884627125857,MM,True,False,True
ENSMUSG00000057666,10090.ENSMUSP00000113942,Gapdh,1.296148,protein_coding,0.8314057216655404,MM,True,False,True
ENSMUSG00000026202,10090.ENSMUSP00000140657,Tuba4a,9.434508666666666,protein_coding,2.7379361292697877,MM,True,False,True
ENSMUSG00000002949,10090.ENSMUSP00000003029,Timm44,83.84909300000001,protein_coding,5.683403937413816,MM,True,False,True
ENSMUSG00000021024,10090.ENSMUSP00000021412,Psma6,259.0130053333333,protein_coding,7.293227925063948,MM,True,False,True
ENSMUSG00000069053,10090.ENSMUSP00000111560,Uba1y,1.9347869999999998,protein_coding,1.1132537545507888,MM,True,False,False
ENSMUSG00000064128,10090.ENSMUSP00000065949,Cenpj,19.426296666666666,protein_coding,3.6649242284174814,MM,True,False,True
ENSMUSG00000041528,10090.ENSMUSP00000125745,Rnf123,26.038828,protein_coding,4.057833957821588,MM,True,False,True
ENSMUSG00000015943,10090.ENSMUSP00000102716,Bola1,25.742057000000006,protein_coding,4.0417246472278325,MM,True,False,True
ENSMUSG00000020134,10090.ENSMUSP00000090979,Peli1,5.444478333333333,protein_coding,2.095973015223577,MM,True,False,True
ENSMUSG00000018395,10090.ENSMUSP00000112782,Kif3a,109.92391466666668,protein_coding,6.068776422450933,MM,True,True,True
ENSMUSG00000039660,10090.ENSMUSP00000097793,Spout1,198.93894966666667,protein_coding,6.914170467083993,MM,True,False,False
ENSMUSG00000028671,10090.ENSMUSP00000099599,Gale,3.879396,protein_coding,1.73638060701172,MM,True,False,False
ENSMUSG00000027710,10090.ENSMUSP00000011492,Acad9,6.3563996666666664,protein_coding,2.269994423282726,MM,True,True,True
ENSMUSG00000026825,10090.ENSMUSP00000088618,Dnm1,11.183417666666665,protein_coding,2.949907900064429,MM,True,True,True
ENSMUSG00000064360,10090.ENSMUSP00000080998,mt-Nd3,204.30537933333332,protein_coding,6.953380627495384,MM,True,False,True
ENSMUSG00000036023,10090.ENSMUSP00000048877,Parp2,21.02400933333333,protein_coding,3.7699651080665824,MM,True,False,True
ENSMUSG00000043019,10090.ENSMUSP00000058941,Edem3,3.873021,protein_coding,1.7355858624287261,MM,True,False,True
ENSMUSG00000055024,10090.ENSMUSP00000066789,Ep300,4.818342666666666,protein_coding,1.9630144845730997,MM,True,False,True
ENSMUSG00000032264,10090.ENSMUSP00000034803,Zw10,29.670921999999997,protein_coding,4.23659864172836,MM,True,False,True
ENSMUSG00000052681,10090.ENSMUSP00000066238,Rap1b,10.624053333333334,protein_coding,2.886100458427882,MM,True,False,True
ENSMUSG00000045128,10090.ENSMUSP00000058368,Rpl18a,122.98343433333332,protein_coding,6.227561035730414,MM,True,False,True
ENSMUSG00000067274,10090.ENSMUSP00000083705,Rplp0,570.0489603333333,protein_coding,8.425179827428193,MM,True,False,True
ENSMUSG00000002820,10090.ENSMUSP00000068450,Atg4d,9.114035666666666,protein_coding,2.696566102202668,MM,True,True,True
ENSMUSG00000020644,10090.ENSMUSP00000020974,Id2,5.022708333333333,protein_coding,2.008148967986721,MM,True,False,True
ENSMUSG00000034024,10090.ENSMUSP00000036288,Cct2,316.08537800000005,protein_coding,7.578500843034007,MM,True,False,True
ENSMUSG00000091223,10090.ENSMUSP00000137297,Gm8775,1.1723006666666669,processed_pseudogene,0.769685710880547,MM,True,False,False
ENSMUSG00000039652,10090.ENSMUSP00000118723,Cpeb3,4.630475333333333,protein_coding,1.9201427336909132,MM,True,True,False
ENSMUSG00000020386,10090.ENSMUSP00000020653,Sar1b,20.815366,protein_coding,3.7574113632066064,MM,True,False,True
ENSMUSG00000078240,10090.ENSMUSP00000100655,Gm3550,1.7851579999999998,protein_coding,1.0519110248669399,MM,True,False,True
ENSMUSG00000021957,10090.ENSMUSP00000022529,Tkt,7.685302333333333,protein_coding,2.4912485338872106,MM,True,True,True
ENSMUSG00000033306,10090.ENSMUSP00000036304,Lpp,16.307406333333333,protein_coding,3.4339509638205237,MM,True,False,False
ENSMUSG00000026999,10090.ENSMUSP00000028382,Nup35,19.759204333333333,protein_coding,3.6881016741593413,MM,True,False,True
ENSMUSG00000014353,10090.ENSMUSP00000105954,Tmem87b,4.411688000000002,protein_coding,1.8691457316398299,MM,True,False,False
ENSMUSG00000029186,10090.ENSMUSP00000031081,Pi4k2b,27.416025,protein_coding,4.12876275601669,MM,True,False,True
ENSMUSG00000026657,10090.ENSMUSP00000075172,Frmd4a,1.126348,protein_coding,0.7463781269854739,MM,True,False,False
ENSMUSG00000066324,10090.ENSMUSP00000082013,Impad1,7.830080000000001,protein_coding,2.5135148324145797,MM,True,False,True
ENSMUSG00000005846,10090.ENSMUSP00000113431,Rsl1d1,36.95185733333333,protein_coding,4.538269733647991,MM,True,False,False
ENSMUSG00000021114,10090.ENSMUSP00000021536,Atp6v1d,127.57368233333334,protein_coding,6.280749208405008,MM,True,False,True
ENSMUSG00000026771,10090.ENSMUSP00000114974,Spopl,12.592068,protein_coding,3.100595512734209,MM,True,False,True
ENSMUSG00000041560,10090.ENSMUSP00000043981,Nop53,35.32944233333333,protein_coding,4.474819564407069,MM,True,False,True
ENSMUSG00000027272,10090.ENSMUSP00000028728,Ubr1,11.93843533333333,protein_coding,3.0327332210935274,MM,True,False,True
ENSMUSG00000024082,10090.ENSMUSP00000024887,Ndufaf7,62.307444,protein_coding,5.266000126298715,MM,True,False,True
ENSMUSG00000027300,10090.ENSMUSP00000028761,Ubox5,5.886109666666667,protein_coding,2.183347928620873,MM,True,True,True
ENSMUSG00000000563,10090.ENSMUSP00000113022,Atp5f1,120.77548999999999,protein_coding,6.20285229966886,MM,True,False,True
ENSMUSG00000033326,10090.ENSMUSP00000102014,Kdm4a,3.6820683333333335,protein_coding,1.6844667338642239,MM,True,False,True
ENSMUSG00000019988,10090.ENSMUSP00000020163,Nedd1,29.935527,protein_coding,4.2485996527363445,MM,True,False,True
ENSMUSG00000006998,10090.ENSMUSP00000007212,Psmd2,242.206645,protein_coding,7.196551199165533,MM,True,False,True
ENSMUSG00000042328,10090.ENSMUSP00000047920,Hps4,20.40927733333333,protein_coding,3.730198766115563,MM,True,False,True
ENSMUSG00000055239,10090.ENSMUSP00000064410,Kcmf1,180.7019603333333,protein_coding,6.777030249267598,MM,True,False,False
ENSMUSG00000031278,10090.ENSMUSP00000033634,Acsl4,1.8394803333333327,protein_coding,1.074753171363151,MM,True,True,False
ENSMUSG00000006373,10090.ENSMUSP00000073061,Pgrmc1,77.780449,protein_coding,5.578707782920416,MM,True,False,True
ENSMUSG00000052572,10090.ENSMUSP00000102814,Dlg2,6.788595999999999,protein_coding,2.3448999673239532,MM,True,True,False
ENSMUSG00000056880,10090.ENSMUSP00000077694,Gadl1,1.6602146666666666,protein_coding,0.9977302989429199,MM,True,False,True
ENSMUSG00000026773,10090.ENSMUSP00000110495,Pfkfb3,6.613513333333334,protein_coding,2.315268657062989,MM,True,False,False
ENSMUSG00000028603,10090.ENSMUSP00000030340,Scp2,8.360646000000001,protein_coding,2.5912577315979304,MM,True,False,True
ENSMUSG00000003235,10090.ENSMUSP00000003320,Eif2b5,126.58425633333331,protein_coding,6.26947904964583,MM,True,False,True
ENSMUSG00000072714,10090.ENSMUSP00000079127,Rpl21-ps4,3.945051333333333,processed_pseudogene,1.7537829368245692,MM,True,False,True
ENSMUSG00000018442,10090.ENSMUSP00000117052,Derl2,52.53004866666666,protein_coding,5.026884125596205,MM,True,False,True
ENSMUSG00000038776,10090.ENSMUSP00000047551,Ephx1,49.21950166666666,protein_coding,4.93551270851389,MM,True,False,False
ENSMUSG00000023977,10090.ENSMUSP00000108961,Ubr2,1.881163666666667,protein_coding,1.0920211117903043,MM,True,False,True
ENSMUSG00000021546,10090.ENSMUSP00000039269,Hnrnpk,392.440552,protein_coding,7.889086017678593,MM,True,False,True
ENSMUSG00000022774,10090.ENSMUSP00000023460,Ncbp2,88.345355,protein_coding,5.759047911770623,MM,True,False,True
ENSMUSG00000005161,10090.ENSMUSP00000005292,Prdx2,9.094299666666666,protein_coding,2.6935688798076685,MM,True,False,False
ENSMUSG00000032186,10090.ENSMUSP00000096152,Tmod2,28.355814666666664,protein_coding,4.174547943146174,MM,True,True,True
ENSMUSG00000003923,10090.ENSMUSP00000090086,Tfam,60.24890533333333,protein_coding,5.219790959106371,MM,True,False,True
ENSMUSG00000037993,10090.ENSMUSP00000047865,Dhx38,39.112175,protein_coding,4.61576929608363,MM,True,False,True
ENSMUSG00000096255,10090.ENSMUSP00000137171,Dynlt1b,406.29516633333327,protein_coding,7.939078564186288,MM,True,False,False
ENSMUSG00000037851,10090.ENSMUSP00000132082,Iars,26.271937,protein_coding,4.07096237047409,MM,True,False,True
ENSMUSG00000034949,10090.ENSMUSP00000113913,Zfr2,1.7003039999999998,protein_coding,1.0158181960970678,MM,True,True,True
ENSMUSG00000021733,10090.ENSMUSP00000058313,Slc4a7,13.747883000000002,protein_coding,3.2133795313753395,MM,True,False,True
ENSMUSG00000011877,10090.ENSMUSP00000037210,Git1,143.76421100000005,protein_coding,6.4501110126412735,MM,True,False,True
ENSMUSG00000017221,10090.ENSMUSP00000017365,Psmd3,58.30145133333334,protein_coding,5.171943255259718,MM,True,False,True
ENSMUSG00000027552,10090.ENSMUSP00000127877,E2f5,8.597659,protein_coding,2.6261306278670604,MM,True,False,True
ENSMUSG00000006057,10090.ENSMUSP00000103312,Atp5g1,9.094539333333335,protein_coding,2.6936529531293796,MM,True,False,True
ENSMUSG00000032320,10090.ENSMUSP00000109915,Rcn2,71.49807266666667,protein_coding,5.460007237476239,MM,True,True,False
ENSMUSG00000026490,10090.ENSMUSP00000106746,Cdc42bpa,9.079145,protein_coding,2.6919590199664967,MM,True,False,True
ENSMUSG00000042870,10090.ENSMUSP00000077891,Tom1,41.88133866666667,protein_coding,4.711150178824087,MM,True,False,False
ENSMUSG00000030801,10090.ENSMUSP00000033070,Kat8,123.66352066666666,protein_coding,6.236000270503656,MM,True,False,True
ENSMUSG00000003200,10090.ENSMUSP00000003268,Sh3gl1,64.35663733333334,protein_coding,5.310682029359559,MM,True,False,True
ENSMUSG00000002997,10090.ENSMUSP00000039797,Prkar2b,5.834532,protein_coding,2.172156459878343,MM,True,False,True
ENSMUSG00000051705,10090.ENSMUSP00000129441,Senp8,3.415540333333334,protein_coding,1.6110454991562029,MM,True,False,True
ENSMUSG00000018401,10090.ENSMUSP00000099468,Mtmr4,20.711738,protein_coding,3.750207296834712,MM,True,True,True
ENSMUSG00000040918,10090.ENSMUSP00000037561,Slc19a2,16.958819666666667,protein_coding,3.486132458776454,MM,True,False,True
ENSMUSG00000021179,10090.ENSMUSP00000021596,Nrde2,9.856371,protein_coding,2.792463571729651,MM,True,False,False
ENSMUSG00000057236,10090.ENSMUSP00000099658,Rbbp4,81.266894,protein_coding,5.64073485349175,MM,True,True,True
ENSMUSG00000023286,10090.ENSMUSP00000024056,Ube2j2,152.30877166666667,protein_coding,6.532861213222776,MM,True,False,True
ENSMUSG00000027195,10090.ENSMUSP00000028619,Hsd17b12,9.719164,protein_coding,2.7751321759710406,MM,True,False,True
ENSMUSG00000033904,10090.ENSMUSP00000102167,Ccp110,180.54078166666667,protein_coding,6.776415827477225,MM,True,True,True
ENSMUSG00000024487,10090.ENSMUSP00000025364,Yipf5,32.60253466666667,protein_coding,4.365880979379005,MM,True,False,True
ENSMUSG00000029507,10090.ENSMUSP00000083844,Pus1,1.9831623333333328,protein_coding,1.1321477539327123,MM,True,True,True
ENSMUSG00000093954,10090.ENSMUSP00000135940,Gm16867,1.8079606666666663,protein_coding,1.0611658171205423,MM,True,False,False
ENSMUSG00000018809,10090.ENSMUSP00000047505,Smyd4,1.096342,protein_coding,0.7307906476415061,MM,True,False,True
ENSMUSG00000024212,10090.ENSMUSP00000025053,Mllt1,28.545392000000003,protein_coding,4.182694760264433,MM,True,False,True
ENSMUSG00000022828,10090.ENSMUSP00000023525,Gtf2e1,35.869020000000006,protein_coding,4.4971481250385485,MM,True,True,True
ENSMUSG00000031879,10090.ENSMUSP00000132725,Ciao2b,23.067751666666666,protein_coding,3.8938626983445204,MM,True,False,True
ENSMUSG00000024097,10090.ENSMUSP00000070983,Srsf7,164.73122666666669,protein_coding,6.645503090877915,MM,True,False,True
ENSMUSG00000044624,10090.ENSMUSP00000055273,Gm4922,4.8458559999999995,protein_coding,1.9685877278849067,MM,True,False,False
ENSMUSG00000002984,10090.ENSMUSP00000032555,Tomm40,6.257460999999998,protein_coding,2.2514622877047454,MM,True,False,True
ENSMUSG00000000605,10090.ENSMUSP00000000619,Clcn4,19.409387666666667,protein_coding,3.664050649786119,MM,True,False,False
ENSMUSG00000023025,10090.ENSMUSP00000097780,Larp4,13.553119333333333,protein_coding,3.1939882102480857,MM,True,False,True
ENSMUSG00000030871,10090.ENSMUSP00000033159,Ears2,3.8107010000000003,protein_coding,1.7185483834592183,MM,True,False,True
ENSMUSG00000028274,10090.ENSMUSP00000103788,Rngtt,5.500829666666667,protein_coding,2.1076555115221263,MM,True,False,False
ENSMUSG00000051378,10090.ENSMUSP00000021311,Kif18b,16.339439000000002,protein_coding,3.4367255762510154,MM,True,True,True
ENSMUSG00000022024,10090.ENSMUSP00000052942,Sugt1,97.77450066666668,protein_coding,5.90313438228952,MM,True,False,True
ENSMUSG00000000708,10090.ENSMUSP00000000724,Kat2b,5.4505919999999985,protein_coding,2.097016967218246,MM,True,False,False
ENSMUSG00000033751,10090.ENSMUSP00000037783,Gadd45gip1,14.839953,protein_coding,3.310888880253332,MM,True,False,True
ENSMUSG00000027642,10090.ENSMUSP00000112081,Rpn2,350.67782566666665,protein_coding,7.727566528948517,MM,True,True,True
ENSMUSG00000031979,10090.ENSMUSP00000034460,Cog2,24.24021333333333,protein_coding,3.961550574372683,MM,True,False,True
ENSMUSG00000015599,10090.ENSMUSP00000044580,Ttbk1,18.93782133333333,protein_coding,3.630392579124073,MM,True,False,False
ENSMUSG00000039246,10090.ENSMUSP00000048229,Lyplal1,1.1683233333333334,protein_coding,0.768055279419913,MM,True,False,True
ENSMUSG00000031585,10090.ENSMUSP00000126284,Gtf2e2,408.9290363333333,protein_coding,7.948545024518146,MM,True,False,True
ENSMUSG00000095159,10090.ENSMUSP00000136922,Tubb4b-ps1,208.757665,processed_pseudogene,6.983317070864003,MM,True,True,True
ENSMUSG00000063550,10090.ENSMUSP00000068530,Nup98,69.91812133333333,protein_coding,5.428256780740706,MM,True,False,True
ENSMUSG00000035401,10090.ENSMUSP00000038216,Emsy,19.457743666666673,protein_coding,3.667460614295708,MM,True,False,False
ENSMUSG00000005907,10090.ENSMUSP00000006061,Pex1,3.949176333333333,protein_coding,1.7554164646057455,MM,True,False,False
ENSMUSG00000049225,10090.ENSMUSP00000103934,Pdp1,6.948284666666666,protein_coding,2.373823393381237,MM,True,False,True
ENSMUSG00000035576,10090.ENSMUSP00000044038,L3mbtl1,1.1435190000000002,protein_coding,0.7550379620668491,MM,True,False,False
ENSMUSG00000036391,10090.ENSMUSP00000104725,Sec24a,7.672067999999999,protein_coding,2.489715213011579,MM,True,False,True
ENSMUSG00000047921,10090.ENSMUSP00000087202,Trappc9,36.46136066666667,protein_coding,4.519003099702939,MM,True,False,True
ENSMUSG00000032115,10090.ENSMUSP00000068594,Hyou1,163.93118266666667,protein_coding,6.638050130049353,MM,True,False,True
ENSMUSG00000005886,10090.ENSMUSP00000006037,Ncoa2,5.929225,protein_coding,2.190982466215154,MM,True,False,True
ENSMUSG00000036751,10090.ENSMUSP00000075150,Cox6b1,44.530665,protein_coding,4.795867379601626,MM,True,False,False
ENSMUSG00000028187,10090.ENSMUSP00000029838,Rpf1,48.48619466666667,protein_coding,4.915129038079834,MM,True,False,True
ENSMUSG00000039382,10090.ENSMUSP00000111353,Wdr45,1.2777253333333334,protein_coding,0.8225455255438783,MM,True,False,False
ENSMUSG00000028730,10090.ENSMUSP00000071863,Cfap57,301.7455953333333,protein_coding,7.511911465328379,MM,True,False,False
ENSMUSG00000060671,10090.ENSMUSP00000103019,Atp8b2,1.4001343333333331,protein_coding,0.8816432169013755,MM,True,False,True
ENSMUSG00000028455,10090.ENSMUSP00000030169,Stoml2,7.963746333333333,protein_coding,2.532834507631776,MM,True,False,True
ENSMUSG00000030347,10090.ENSMUSP00000032497,D6Wsu163e,6.332987666666668,protein_coding,2.2659598082300123,MM,True,False,False
ENSMUSG00000031119,10090.ENSMUSP00000033450,Gpc4,2.4395260000000003,protein_coding,1.3033803904122887,MM,True,True,True
ENSMUSG00000057530,10090.ENSMUSP00000099576,Ece1,2.470786,protein_coding,1.3134538712860406,MM,True,False,False
ENSMUSG00000074734,10090.ENSMUSP00000096867,Taf7l2,331.15437799999995,protein_coding,7.6456316819650185,MM,True,False,True
ENSMUSG00000028322,10090.ENSMUSP00000030003,Exosc3,254.63191733333332,protein_coding,7.268737013133995,MM,True,False,True
ENSMUSG00000024270,10090.ENSMUSP00000064667,Slc39a6,73.74848933333334,protein_coding,5.50352450255945,MM,True,False,False
ENSMUSG00000021669,10090.ENSMUSP00000076856,Col4a3bp,28.56882733333333,protein_coding,4.184910456323158,MM,True,False,True
ENSMUSG00000091900,10090.ENSMUSP00000107385,Gm4353,6.973850666666667,processed_pseudogene,2.377204004619382,MM,True,False,False
ENSMUSG00000020454,10090.ENSMUSP00000105676,Eif4enif1,38.51764566666667,protein_coding,4.595078475440909,MM,True,False,False
ENSMUSG00000035171,10090.ENSMUSP00000048395,1110059E24Rik,18.889520333333333,protein_coding,3.628787085173046,MM,True,False,True
ENSMUSG00000030659,10090.ENSMUSP00000032895,Nucb2,52.025322,protein_coding,5.013891401471139,MM,True,False,False
ENSMUSG00000003848,10090.ENSMUSP00000003946,Nob1,17.00052666666667,protein_coding,3.4886913504250536,MM,True,False,True
ENSMUSG00000040003,10090.ENSMUSP00000085872,Magi2,9.755752666666666,protein_coding,2.779910345038821,MM,True,False,False
ENSMUSG00000013236,10090.ENSMUSP00000064048,Ptprs,14.169367333333335,protein_coding,3.2508029997020027,MM,True,False,True
ENSMUSG00000007036,10090.ENSMUSP00000007251,Abhd16a,39.807390666666656,protein_coding,4.639958268223349,MM,True,False,True
ENSMUSG00000026944,10090.ENSMUSP00000099983,Abca2,1.2443586666666666,protein_coding,0.8057437002103002,MM,True,False,False
ENSMUSG00000028837,10090.ENSMUSP00000030642,Psmb2,43.117470000000004,protein_coding,4.751082894253014,MM,True,False,True
ENSMUSG00000059743,10090.ENSMUSP00000080531,Fdps,48.769361,protein_coding,4.922772369444887,MM,True,False,True
ENSMUSG00000031016,10090.ENSMUSP00000033326,Wee1,19.489322666666666,protein_coding,3.6695026327184426,MM,True,False,False
ENSMUSG00000035765,10090.ENSMUSP00000047054,Dym,60.991353333333336,protein_coding,5.235890259950417,MM,True,False,False
ENSMUSG00000023826,10090.ENSMUSP00000140587,Prkn,18.426602,protein_coding,3.595766642734541,MM,True,False,True
ENSMUSG00000022827,10090.ENSMUSP00000023524,Rabl3,24.61307,protein_coding,3.982589700413427,MM,True,False,True
ENSMUSG00000042535,10090.ENSMUSP00000043575,Gtpbp1,22.87302266666667,protein_coding,3.883078107102436,MM,True,False,False
ENSMUSG00000027305,10090.ENSMUSP00000028768,Ndufaf1,19.537731,protein_coding,3.672794888590824,MM,True,False,True
ENSMUSG00000018160,10090.ENSMUSP00000103169,Med1,41.183852,protein_coding,4.687835723354958,MM,True,True,True
ENSMUSG00000050107,10090.ENSMUSP00000055806,Haspin,311.83699566666667,protein_coding,7.559144631862487,MM,True,False,False
ENSMUSG00000001175,10090.ENSMUSP00000105709,Calm1,806.5134273333333,protein_coding,8.92518946678294,MM,True,True,True
ENSMUSG00000021241,10090.ENSMUSP00000021667,Isca2,50.61202100000001,protein_coding,4.974885430042183,MM,True,True,True
ENSMUSG00000031592,10090.ENSMUSP00000039709,Pcm1,202.912079,protein_coding,6.943726426912394,MM,True,False,True
ENSMUSG00000046185,10090.ENSMUSP00000032802,Zfp84,1.1838023333333332,protein_coding,0.775881283358397,MM,True,True,False
ENSMUSG00000028792,10090.ENSMUSP00000030583,Ak2,115.476499,protein_coding,6.138525651200951,MM,True,False,True
ENSMUSG00000020870,10090.ENSMUSP00000021240,Cdc34b,5.487006666666668,protein_coding,2.103984778254206,MM,True,False,True
ENSMUSG00000039050,10090.ENSMUSP00000046538,Osbpl2,22.529774333333336,protein_coding,3.8628958521274708,MM,True,False,True
ENSMUSG00000029125,10090.ENSMUSP00000109761,Stx18,77.44329066666667,protein_coding,5.572390872432864,MM,True,False,True
ENSMUSG00000004667,10090.ENSMUSP00000004786,Polr2e,34.53109466666667,protein_coding,4.443675248579552,MM,True,False,True
ENSMUSG00000015522,10090.ENSMUSP00000099810,Arnt,13.380065666666667,protein_coding,3.1774974098582254,MM,True,False,True
ENSMUSG00000041747,10090.ENSMUSP00000048204,Utp15,6.949506333333333,protein_coding,2.3731760974539924,MM,True,False,True
ENSMUSG00000101605,10090.ENSMUSP00000140827,Ace3,19.277134,protein_coding,3.654798422220214,MM,True,False,False
ENSMUSG00000031715,10090.ENSMUSP00000044361,Smarca5,104.90807566666668,protein_coding,6.002869452647854,MM,True,False,True
ENSMUSG00000021846,10090.ENSMUSP00000072894,Peli2,30.783703999999997,protein_coding,4.286271790879179,MM,True,False,True
ENSMUSG00000041881,10090.ENSMUSP00000039692,Ndufa7,85.81072999999998,protein_coding,5.716513811911909,MM,True,False,True
ENSMUSG00000002803,10090.ENSMUSP00000002880,Btbd6,3.3599713333333336,protein_coding,1.5948177956511982,MM,True,False,True
ENSMUSG00000043140,10090.ENSMUSP00000053862,Tmem186,25.49140966666667,protein_coding,4.029582160077165,MM,True,False,True
ENSMUSG00000057367,10090.ENSMUSP00000140049,Birc2,109.82976533333334,protein_coding,6.067747816849324,MM,True,False,False
ENSMUSG00000039458,10090.ENSMUSP00000041227,Mtmr12,12.060492333333334,protein_coding,3.044730534102728,MM,True,False,True
ENSMUSG00000022375,10090.ENSMUSP00000023006,Lrrc6,134.921239,protein_coding,6.3606394030635585,MM,True,False,True
ENSMUSG00000049354,10090.ENSMUSP00000058168,Dcaf7,51.49266666666667,protein_coding,4.998587270761527,MM,True,False,True
ENSMUSG00000056300,10090.ENSMUSP00000101361,Zfp981,4.4528203333333325,protein_coding,1.8799069977513407,MM,True,True,False
ENSMUSG00000045100,10090.ENSMUSP00000058028,Slc25a26,9.342384666666666,protein_coding,2.726515547557689,MM,True,False,True
ENSMUSG00000058258,10090.ENSMUSP00000132780,Idi1,41.868479666666666,protein_coding,4.710999863526414,MM,True,False,True
ENSMUSG00000021357,10090.ENSMUSP00000100010,Exoc2,26.92072233333333,protein_coding,4.1040025086060306,MM,True,True,True
ENSMUSG00000030423,10090.ENSMUSP00000032585,Pop4,51.94269433333333,protein_coding,5.010960328420942,MM,True,True,True
ENSMUSG00000028559,10090.ENSMUSP00000124370,Osbpl9,32.21654833333333,protein_coding,4.348985326365225,MM,True,False,False
ENSMUSG00000038886,10090.ENSMUSP00000095949,Man2a2,13.194268,protein_coding,3.1590770372879575,MM,True,True,True
ENSMUSG00000038775,10090.ENSMUSP00000061731,Vill,1.514455,protein_coding,0.9337458519789653,MM,True,False,False
ENSMUSG00000020982,10090.ENSMUSP00000021368,Nemf,59.48058933333334,protein_coding,5.201108658564792,MM,True,False,True
ENSMUSG00000045521,10090.ENSMUSP00000051035,Tssk2,62.85078433333334,protein_coding,5.2774734667283125,MM,True,False,False
ENSMUSG00000000295,10090.ENSMUSP00000000304,Hddc2,3.2922953333333336,protein_coding,1.5759462348934814,MM,True,False,True
ENSMUSG00000035472,10090.ENSMUSP00000039289,Slc25a21,2.548065333333333,protein_coding,1.341330362533508,MM,True,False,False
ENSMUSG00000064317,10090.ENSMUSP00000072521,Gm10146,9.177194,processed_pseudogene,2.705197124254279,MM,True,False,True
ENSMUSG00000066151,10090.ENSMUSP00000081575,Fkbp15,3.8266243333333336,protein_coding,1.7232485107223783,MM,True,False,False
ENSMUSG00000020525,10090.ENSMUSP00000020835,Ppm1d,100.63627366666668,protein_coding,5.943290685384225,MM,True,False,False
ENSMUSG00000039987,10090.ENSMUSP00000114087,Phtf2,2.123675,protein_coding,1.1877747135109653,MM,True,False,True
ENSMUSG00000047242,10090.ENSMUSP00000109123,Taf9b,4.5294186666666665,protein_coding,1.896991498862398,MM,True,False,True
ENSMUSG00000037343,10090.ENSMUSP00000043733,Taf2,32.84216766666667,protein_coding,4.375839609655847,MM,True,False,True
ENSMUSG00000046000,10090.ENSMUSP00000057336,Naa11,32.27360733333333,protein_coding,4.351387341593742,MM,True,False,True
ENSMUSG00000058267,10090.ENSMUSP00000120075,Mrps14,24.76322866666667,protein_coding,3.9905988912177484,MM,True,False,True
ENSMUSG00000058546,10090.ENSMUSP00000099541,Rpl23a,142.0604656666667,protein_coding,6.433447609030821,MM,True,False,True
ENSMUSG00000036052,10090.ENSMUSP00000081712,Dnajb5,9.349662666666667,protein_coding,2.7281742739728982,MM,True,False,True
ENSMUSG00000021038,10090.ENSMUSP00000072527,Vipas39,35.48263433333333,protein_coding,4.481712670959697,MM,True,False,True
ENSMUSG00000024474,10090.ENSMUSP00000007042,Ik,611.4401243333333,protein_coding,8.526809239525514,MM,True,True,True
ENSMUSG00000031913,10090.ENSMUSP00000034388,Vps4a,151.93023200000005,protein_coding,6.529615946441961,MM,True,False,True
ENSMUSG00000035212,10090.ENSMUSP00000030254,Leprot,2.9412326666666666,protein_coding,1.4691406517594667,MM,True,False,True
ENSMUSG00000047417,10090.ENSMUSP00000049705,Rexo1,10.661013666666667,protein_coding,2.890328262953114,MM,True,False,True
ENSMUSG00000030224,10090.ENSMUSP00000068267,Strap,314.27536033333337,protein_coding,7.570418354643074,MM,True,False,False
ENSMUSG00000028383,10090.ENSMUSP00000030078,Hsdl2,43.42138033333333,protein_coding,4.761459925352881,MM,True,False,True
ENSMUSG00000028458,10090.ENSMUSP00000050087,Tesk1,225.47521433333333,protein_coding,7.09329456537599,MM,True,True,False
ENSMUSG00000018848,10090.ENSMUSP00000018992,Rars,19.389306666666666,protein_coding,3.6626303825645303,MM,True,False,True
ENSMUSG00000035093,10090.ENSMUSP00000055772,Secisbp2l,3.738496,protein_coding,1.699914925615087,MM,True,True,False
ENSMUSG00000021913,10090.ENSMUSP00000022480,Ogdhl,5.489263000000001,protein_coding,2.1049062441482587,MM,True,False,True
ENSMUSG00000041298,10090.ENSMUSP00000043210,Katnal1,89.41962466666666,protein_coding,5.775557503326652,MM,True,False,True
ENSMUSG00000006920,10090.ENSMUSP00000102906,Ezh1,7.268061333333333,protein_coding,2.4254282411907253,MM,True,True,True
ENSMUSG00000037533,10090.ENSMUSP00000099804,Rapgef6,46.26004766666667,protein_coding,4.850082530514507,MM,True,False,False
ENSMUSG00000025899,10090.ENSMUSP00000061511,Alkbh8,2.2945786666666668,protein_coding,1.252200264119303,MM,True,False,True
ENSMUSG00000051234,10090.ENSMUSP00000052856,Rnf7,275.3222656666667,protein_coding,7.380448383458823,MM,True,False,True
ENSMUSG00000003500,10090.ENSMUSP00000077289,Impdh1,3.3061930000000004,protein_coding,1.5798155729556023,MM,True,False,True
ENSMUSG00000040720,10090.ENSMUSP00000103943,Virma,26.386242666666664,protein_coding,4.076783707794676,MM,True,False,True
ENSMUSG00000038323,10090.ENSMUSP00000040240,1700066M21Rik,26.325689,protein_coding,4.0739163812002115,MM,True,False,False
ENSMUSG00000031819,10090.ENSMUSP00000034277,Emc8,17.339513999999998,protein_coding,3.512801700501521,MM,True,False,True
ENSMUSG00000050144,10090.ENSMUSP00000057871,Slc25a44,13.932081333333334,protein_coding,3.2297984157650377,MM,True,False,False
ENSMUSG00000058486,10090.ENSMUSP00000079974,Wdr91,1.7420616666666666,protein_coding,1.033469284507703,MM,True,False,True
ENSMUSG00000015149,10090.ENSMUSP00000072732,Sirt2,75.88107433333333,protein_coding,5.542910314172932,MM,True,True,False
ENSMUSG00000025362,10090.ENSMUSP00000026420,Rps26,228.28678399999998,protein_coding,7.110607002617503,MM,True,False,True
ENSMUSG00000030718,10090.ENSMUSP00000032963,Ppme1,49.377064000000004,protein_coding,4.940013935765219,MM,True,False,True
ENSMUSG00000026709,10090.ENSMUSP00000041851,Dars2,2.904529333333333,protein_coding,1.4573277726890341,MM,True,False,True
ENSMUSG00000034192,10090.ENSMUSP00000044178,Lsm3,385.6426596666667,protein_coding,7.864622038948125,MM,True,False,True
ENSMUSG00000030120,10090.ENSMUSP00000032214,Mlf2,33.023188999999995,protein_coding,4.382493971391067,MM,True,False,False
ENSMUSG00000032281,10090.ENSMUSP00000034822,Acsbg1,46.27722166666667,protein_coding,4.849208845625788,MM,True,False,False
ENSMUSG00000019802,10090.ENSMUSP00000019937,Sec63,47.54347633333333,protein_coding,4.887589963116039,MM,True,False,True
ENSMUSG00000022019,10090.ENSMUSP00000129019,Tdrd3,58.746390000000005,protein_coding,5.183983418922969,MM,True,False,True
ENSMUSG00000021136,10090.ENSMUSP00000105976,Smoc1,16.263602666666667,protein_coding,3.430374713728973,MM,True,False,False
ENSMUSG00000021911,10090.ENSMUSP00000022470,Parg,28.574225,protein_coding,4.1851934477070705,MM,True,False,True
ENSMUSG00000001729,10090.ENSMUSP00000001780,Akt1,14.084615,protein_coding,3.242925202673234,MM,True,False,True
ENSMUSG00000032097,10090.ENSMUSP00000128421,Ddx6,24.88736433333333,protein_coding,3.997371993063807,MM,True,True,True
ENSMUSG00000037847,10090.ENSMUSP00000125384,Nmrk1,1.7920109999999998,protein_coding,1.0557493447754098,MM,True,False,False
ENSMUSG00000027852,10090.ENSMUSP00000029445,Nras,61.18032066666667,protein_coding,5.240885645565487,MM,True,False,True
ENSMUSG00000024007,10090.ENSMUSP00000024802,Ppil1,7.678375333333332,protein_coding,2.4897784846731366,MM,True,False,True
ENSMUSG00000068663,10090.ENSMUSP00000065423,Clec16a,14.671793666666668,protein_coding,3.2967416600380752,MM,True,False,True
ENSMUSG00000035545,10090.ENSMUSP00000046465,Leng8,88.53749366666666,protein_coding,5.761543050501016,MM,True,False,True
ENSMUSG00000026698,10090.ENSMUSP00000107221,Pigc,23.62205366666667,protein_coding,3.92663140833254,MM,True,False,True
ENSMUSG00000033629,10090.ENSMUSP00000044955,Hacd3,28.12820933333333,protein_coding,4.163706936581859,MM,True,True,False
ENSMUSG00000074817,10090.ENSMUSP00000100595,Papolb,244.35972099999995,protein_coding,7.209642654945627,MM,True,True,True
ENSMUSG00000040151,10090.ENSMUSP00000043066,Hs2st1,1.292403,protein_coding,0.8299385672571395,MM,True,False,True
ENSMUSG00000003123,10090.ENSMUSP00000003207,Lipe,20.648533999999998,protein_coding,3.745846484860458,MM,True,False,True
ENSMUSG00000036781,10090.ENSMUSP00000046016,Rps27l,78.84816766666667,protein_coding,5.5977136001484205,MM,True,False,True
ENSMUSG00000018481,10090.ENSMUSP00000018625,Appbp2,24.623858,protein_coding,3.983063400204821,MM,True,False,False
ENSMUSG00000025868,10090.ENSMUSP00000026986,Higd2a,25.032568666666666,protein_coding,4.003957889720885,MM,True,False,False
ENSMUSG00000005982,10090.ENSMUSP00000140031,Naa60,12.439240666666667,protein_coding,3.0856169347901954,MM,True,False,False
ENSMUSG00000002017,10090.ENSMUSP00000108126,Fam98a,116.413269,protein_coding,6.1502571134877675,MM,True,False,True
ENSMUSG00000037643,10090.ENSMUSP00000103884,Prkci,3.1587030000000005,protein_coding,1.5363437315104702,MM,True,False,True
ENSMUSG00000001036,10090.ENSMUSP00000001063,Epn2,24.139593666666666,protein_coding,3.9567164972912403,MM,True,False,True
ENSMUSG00000041431,10090.ENSMUSP00000071989,Ccnb1,54.084269000000006,protein_coding,5.067484886019069,MM,True,False,True
ENSMUSG00000028287,10090.ENSMUSP00000029955,1700009N14Rik,78.43894433333334,protein_coding,5.590397632142788,MM,True,False,True
ENSMUSG00000021494,10090.ENSMUSP00000021956,Ddx41,33.07219466666667,protein_coding,4.384496388130975,MM,True,False,False
ENSMUSG00000022186,10090.ENSMUSP00000106318,Oxct1,19.058610333333334,protein_coding,3.6399644017868193,MM,True,False,True
ENSMUSG00000026584,10090.ENSMUSP00000027876,Scyl3,22.694379999999995,protein_coding,3.873123702253997,MM,True,True,False
ENSMUSG00000002944,10090.ENSMUSP00000131832,Cd36,30.479137000000005,protein_coding,4.2737295429345865,MM,True,False,False
ENSMUSG00000025049,10090.ENSMUSP00000026027,Taf5,16.813908333333334,protein_coding,3.474692802381297,MM,True,False,True
ENSMUSG00000027030,10090.ENSMUSP00000099776,Stk39,291.3407593333333,protein_coding,7.461785214388626,MM,True,True,True
ENSMUSG00000089911,10090.ENSMUSP00000029570,Mfsd14a,86.93645966666668,protein_coding,5.7359810066286965,MM,True,True,False
ENSMUSG00000024462,10090.ENSMUSP00000025338,Gabbr1,6.5270373333333325,protein_coding,2.300893542367377,MM,True,False,True
ENSMUSG00000032382,10090.ENSMUSP00000034946,Snx1,228.27976966666665,protein_coding,7.112117266297441,MM,True,True,True
ENSMUSG00000037331,10090.ENSMUSP00000136673,Larp1,184.83330266666667,protein_coding,6.8095421279013975,MM,True,True,False
ENSMUSG00000027088,10090.ENSMUSP00000028494,Phospho2,564.1647746666666,protein_coding,8.411245117824755,MM,True,False,False
ENSMUSG00000020457,10090.ENSMUSP00000020741,Drg1,121.19026666666667,protein_coding,6.207507652170699,MM,True,False,True
ENSMUSG00000022562,10090.ENSMUSP00000129100,Oplah,7.934473,protein_coding,2.5278137676245493,MM,True,False,True
ENSMUSG00000038546,10090.ENSMUSP00000130636,Ranbp9,239.06642166666663,protein_coding,7.1787948628002685,MM,True,False,True
ENSMUSG00000022858,10090.ENSMUSP00000124846,Tra2b,246.15898666666664,protein_coding,7.220059924150808,MM,True,False,True
ENSMUSG00000017210,10090.ENSMUSP00000017354,Med24,50.601396,protein_coding,4.97415387536681,MM,True,True,True
ENSMUSG00000025178,10090.ENSMUSP00000069284,Pi4k2a,9.839532666666667,protein_coding,2.789679665488007,MM,True,False,True
ENSMUSG00000002660,10090.ENSMUSP00000002735,Clpp,10.643496666666667,protein_coding,2.886931564068262,MM,True,False,True
ENSMUSG00000020079,10090.ENSMUSP00000020273,Supv3l1,10.125821666666663,protein_coding,2.825722207177418,MM,True,False,True
ENSMUSG00000032939,10090.ENSMUSP00000105174,Nup93,28.38551533333333,protein_coding,4.176111459794594,MM,True,True,True
ENSMUSG00000025203,10090.ENSMUSP00000026221,Scd2,12.500633333333333,protein_coding,3.090669243658251,MM,True,False,False
ENSMUSG00000027959,10090.ENSMUSP00000029571,Sass6,79.30290500000001,protein_coding,5.606349786479168,MM,True,False,True
ENSMUSG00000033581,10090.ENSMUSP00000097629,Igf2bp2,1.290031666666667,protein_coding,0.8289434820331724,MM,True,False,False
ENSMUSG00000025137,10090.ENSMUSP00000026129,Pcyt2,85.49940499999998,protein_coding,5.711530303638064,MM,True,False,True
ENSMUSG00000030824,10090.ENSMUSP00000033096,Nucb1,16.031159666666667,protein_coding,3.4114935428070914,MM,True,False,True
ENSMUSG00000026113,10090.ENSMUSP00000110583,Inpp4a,2.7114263333333333,protein_coding,1.3953527721911168,MM,True,False,True
ENSMUSG00000028854,10090.ENSMUSP00000030669,Slc9a1,3.7995986666666655,protein_coding,1.7155277829298963,MM,True,False,True
ENSMUSG00000034377,10090.ENSMUSP00000049248,Tulp4,37.94308966666667,protein_coding,4.5745392771999756,MM,True,False,True
ENSMUSG00000039682,10090.ENSMUSP00000040222,Lap3,31.933754,protein_coding,4.336922008060223,MM,True,False,True
ENSMUSG00000020908,10090.ENSMUSP00000104329,Myh3,1.1697603333333333,protein_coding,0.7687221247681635,MM,True,False,True
ENSMUSG00000024668,10090.ENSMUSP00000025570,Sdhaf2,24.57036933333333,protein_coding,3.9806863382871915,MM,True,False,True
ENSMUSG00000026568,10090.ENSMUSP00000027853,Mpc2,220.11878466666667,protein_coding,7.059562093501773,MM,True,False,True
ENSMUSG00000021109,10090.ENSMUSP00000021530,Hif1a,3.320921333333333,protein_coding,1.5838677211048222,MM,True,False,True
ENSMUSG00000000339,10090.ENSMUSP00000000348,Rtca,118.11282066666666,protein_coding,6.170822292395326,MM,True,False,False
ENSMUSG00000031059,10090.ENSMUSP00000112320,Ndufb11,11.016811666666667,protein_coding,2.9301430455591753,MM,True,False,True
ENSMUSG00000026991,10090.ENSMUSP00000099815,Pkp4,10.645224666666667,protein_coding,2.888103727458751,MM,True,False,False
ENSMUSG00000034285,10090.ENSMUSP00000049338,Nipsnap1,1.1770293333333337,protein_coding,0.7719706309428049,MM,True,False,False
ENSMUSG00000029775,10090.ENSMUSP00000069669,Klhdc10,18.412099333333334,protein_coding,3.5942503060166637,MM,True,False,True
ENSMUSG00000020705,10090.ENSMUSP00000021046,Ddx42,37.35249833333333,protein_coding,4.552662909216545,MM,True,False,True
ENSMUSG00000048755,10090.ENSMUSP00000051569,Mcat,38.269027,protein_coding,4.585385008232327,MM,True,False,True
ENSMUSG00000022364,10090.ENSMUSP00000022992,Tbc1d31,37.50027866666667,protein_coding,4.558380669315299,MM,True,False,False
ENSMUSG00000035109,10090.ENSMUSP00000043146,Shc4,1.5402570000000002,protein_coding,0.9457025813552876,MM,True,False,True
ENSMUSG00000021684,10090.ENSMUSP00000124068,Pde8b,1.5961046666666665,protein_coding,0.9712319441541485,MM,True,False,True
ENSMUSG00000026245,10090.ENSMUSP00000129828,Farsb,72.629865,protein_coding,5.4816265077443305,MM,True,False,True
ENSMUSG00000022329,10090.ENSMUSP00000018476,Stk3,5.756661666666668,protein_coding,2.1578739373732727,MM,True,False,True
ENSMUSG00000000811,10090.ENSMUSP00000000828,Txnrd3,426.85285433333337,protein_coding,8.009820904316388,MM,True,False,True
ENSMUSG00000000399,10090.ENSMUSP00000085523,Ndufa9,110.33213300000001,protein_coding,6.073742770596538,MM,True,False,True
ENSMUSG00000030168,10090.ENSMUSP00000032272,Adipor2,8.227661999999999,protein_coding,2.572870432358462,MM,True,False,False
ENSMUSG00000030279,10090.ENSMUSP00000107388,C2cd5,10.530024000000001,protein_coding,2.8749772505374396,MM,True,True,True
ENSMUSG00000021686,10090.ENSMUSP00000022196,Ap3b1,94.49439766666669,protein_coding,5.854089529047938,MM,True,True,True
ENSMUSG00000039105,10090.ENSMUSP00000048770,Atp6v1g1,175.57828266666667,protein_coding,6.735931609370751,MM,True,False,True
ENSMUSG00000021770,10090.ENSMUSP00000022292,Samd8,44.132014,protein_coding,4.783180975833062,MM,True,False,False
ENSMUSG00000021824,10090.ENSMUSP00000117346,Ap3m1,9.304434,protein_coding,2.7210820494794583,MM,True,False,True
ENSMUSG00000027371,10090.ENSMUSP00000028848,Fahd2a,35.159514,protein_coding,4.469002727982339,MM,True,False,True
ENSMUSG00000038384,10090.ENSMUSP00000133933,Setd1b,12.726820333333334,protein_coding,3.1133391134661266,MM,True,True,True
ENSMUSG00000040219,10090.ENSMUSP00000056378,Ttc12,111.17888400000001,protein_coding,6.08488357248624,MM,True,True,False
ENSMUSG00000048185,10090.ENSMUSP00000097258,Gm7075,1.5576223333333334,protein_coding,0.9539319472047264,MM,True,False,True
ENSMUSG00000018362,10090.ENSMUSP00000018506,Kpna2,332.0221863333333,protein_coding,7.649334470195221,MM,True,False,True
ENSMUSG00000025892,10090.ENSMUSP00000027020,Gria4,4.852496666666667,protein_coding,1.9705398094989273,MM,True,True,True
ENSMUSG00000090266,10090.ENSMUSP00000101978,Mettl23,38.01234166666666,protein_coding,4.57752768324933,MM,True,False,True
ENSMUSG00000021823,10090.ENSMUSP00000022369,Vcl,2.201931666666667,protein_coding,1.2169740074266513,MM,True,False,True
ENSMUSG00000028910,10090.ENSMUSP00000030742,Mecr,5.385262,protein_coding,2.0831155397109424,MM,True,False,True
ENSMUSG00000023089,10090.ENSMUSP00000023851,Ndufa5,116.76862333333332,protein_coding,6.15482907686745,MM,True,False,True
ENSMUSG00000039202,10090.ENSMUSP00000038361,Abhd2,11.293191333333333,protein_coding,2.961641971465688,MM,True,False,False
ENSMUSG00000040370,10090.ENSMUSP00000107354,Etfrf1,16.350967999999998,protein_coding,3.4382134834234392,MM,True,False,True
ENSMUSG00000032586,10090.ENSMUSP00000040001,Traip,7.050520333333334,protein_coding,2.3901550580993445,MM,True,False,True
ENSMUSG00000028702,10090.ENSMUSP00000099765,Rad54l,4.49155,protein_coding,1.8878666681708287,MM,True,True,True
ENSMUSG00000020300,10090.ENSMUSP00000020543,Cpeb4,17.545947,protein_coding,3.530738067442991,MM,True,False,False
ENSMUSG00000002661,10090.ENSMUSP00000002737,Alkbh7,19.847641666666664,protein_coding,3.6936979983575995,MM,True,True,True
ENSMUSG00000026411,10090.ENSMUSP00000065409,Tmem9,2.987114333333333,protein_coding,1.4834107986475351,MM,True,False,True
ENSMUSG00000041977,10090.ENSMUSP00000039900,Arhgef11,10.359274,protein_coding,2.8537662211343586,MM,True,False,True
ENSMUSG00000052833,10090.ENSMUSP00000092409,Sae1,131.66431699999998,protein_coding,6.325441428592825,MM,True,True,False
ENSMUSG00000027893,10090.ENSMUSP00000029490,Ahcyl1,38.61396666666667,protein_coding,4.598484710283481,MM,True,False,False
ENSMUSG00000022710,10090.ENSMUSP00000124093,Usp7,164.499878,protein_coding,6.643564774418277,MM,True,False,True
ENSMUSG00000069041,10090.ENSMUSP00000088723,Slc25a31,33.05478933333333,protein_coding,4.384470991992265,MM,True,False,False
ENSMUSG00000022706,10090.ENSMUSP00000023391,Mrpl40,68.91577166666667,protein_coding,5.408356260351253,MM,True,True,True
ENSMUSG00000028047,10090.ENSMUSP00000029682,Thbs3,24.99134766666667,protein_coding,4.002486084889548,MM,True,False,False
ENSMUSG00000024188,10090.ENSMUSP00000110627,Luc7l,22.04326266666667,protein_coding,3.8330627897510032,MM,True,True,True
ENSMUSG00000025278,10090.ENSMUSP00000052020,Flnb,1.28397,protein_coding,0.8255349145262839,MM,True,False,False
ENSMUSG00000035960,10090.ENSMUSP00000042602,Apex1,23.419574,protein_coding,3.9145183144180575,MM,True,False,True
ENSMUSG00000032883,10090.ENSMUSP00000045291,Acsl3,31.409615,protein_coding,4.313879322873394,MM,True,True,False
ENSMUSG00000027603,10090.ENSMUSP00000029131,Ggt7,12.84468,protein_coding,3.1248651301194688,MM,True,True,True
ENSMUSG00000022359,10090.ENSMUSP00000064622,Wdyhv1,1.055002,protein_coding,0.7088534961429558,MM,True,False,True
ENSMUSG00000063480,10090.ENSMUSP00000091840,Snu13,14.267877666666665,protein_coding,3.260233210411196,MM,True,False,True
ENSMUSG00000017781,10090.ENSMUSP00000115723,Pitpna,42.83066033333333,protein_coding,4.742183445883823,MM,True,False,False
ENSMUSG00000031601,10090.ENSMUSP00000117304,Cnot7,87.17113499999998,protein_coding,5.740100048395484,MM,True,False,True
ENSMUSG00000006345,10090.ENSMUSP00000006508,Ggt1,1.204641,protein_coding,0.7858897561756116,MM,True,False,True
ENSMUSG00000017264,10090.ENSMUSP00000017408,Exosc10,122.60110966666666,protein_coding,6.223697862424497,MM,True,False,True
ENSMUSG00000001157,10090.ENSMUSP00000001185,Gmcl1,242.93501266666667,protein_coding,7.2011345487118446,MM,True,False,False
ENSMUSG00000019470,10090.ENSMUSP00000019614,Xab2,29.61268533333333,protein_coding,4.232539171356211,MM,True,False,True
ENSMUSG00000020802,10090.ENSMUSP00000080791,Ube2o,22.359516000000006,protein_coding,3.8522779909095926,MM,True,False,True
ENSMUSG00000078619,10090.ENSMUSP00000021052,Smarcd2,34.86005,protein_coding,4.457286026109222,MM,True,True,True
ENSMUSG00000022394,10090.ENSMUSP00000023029,L3mbtl2,42.27601633333333,protein_coding,4.72343860492931,MM,True,True,False
ENSMUSG00000057219,10090.ENSMUSP00000046120,Armc7,1.4987713333333332,protein_coding,0.9268721116068522,MM,True,False,False
ENSMUSG00000037112,10090.ENSMUSP00000038761,Sik2,7.3083680000000015,protein_coding,2.431827516426024,MM,True,False,False
ENSMUSG00000043131,10090.ENSMUSP00000054452,Mob1a,10.905503999999999,protein_coding,2.9183573548121213,MM,True,True,True
ENSMUSG00000005262,10090.ENSMUSP00000111241,Ufd1,35.795908000000004,protein_coding,4.493569992825857,MM,True,False,True
ENSMUSG00000018042,10090.ENSMUSP00000018186,Cyb5r3,16.496416666666665,protein_coding,3.4489064999615375,MM,True,True,True
ENSMUSG00000029014,10090.ENSMUSP00000030771,Dnajc2,455.093445,protein_coding,8.102242267910981,MM,True,False,True
ENSMUSG00000028484,10090.ENSMUSP00000030207,Psip1,688.565959,protein_coding,8.69792753873474,MM,True,False,True
ENSMUSG00000074102,10090.ENSMUSP00000059330,Rbm15b,4.555837,protein_coding,1.9026604454178286,MM,True,False,False
ENSMUSG00000028252,10090.ENSMUSP00000100062,Ccnc,22.373097,protein_coding,3.8547985173214454,MM,True,False,True
ENSMUSG00000005667,10090.ENSMUSP00000005810,Mthfd2,23.243800333333336,protein_coding,3.905284655789169,MM,True,False,True
ENSMUSG00000036371,10090.ENSMUSP00000039110,Serbp1,670.7105713333334,protein_coding,8.659607083958734,MM,True,False,False
ENSMUSG00000027865,10090.ENSMUSP00000029459,Gdap2,25.742124,protein_coding,4.043291362414417,MM,True,False,False
ENSMUSG00000073643,10090.ENSMUSP00000109140,Wdfy1,16.24167266666667,protein_coding,3.428510702086784,MM,True,False,False
ENSMUSG00000047126,10090.ENSMUSP00000099475,Cltc,109.40700533333334,protein_coding,6.062848267264825,MM,True,False,True
ENSMUSG00000021569,10090.ENSMUSP00000022053,Trip13,4.0869800000000005,protein_coding,1.790006706170109,MM,True,False,True
ENSMUSG00000030313,10090.ENSMUSP00000107182,Dennd5b,14.357748,protein_coding,3.2687682289571525,MM,True,False,True
ENSMUSG00000039067,10090.ENSMUSP00000041968,Psmd7,121.27116133333334,protein_coding,6.20836570305714,MM,True,False,True
ENSMUSG00000045594,10090.ENSMUSP00000055803,Glb1,5.850973333333332,protein_coding,2.1753585259151906,MM,True,True,True
ENSMUSG00000029752,10090.ENSMUSP00000031766,Asns,16.868060999999997,protein_coding,3.4786551968537305,MM,True,False,True
ENSMUSG00000059920,10090.ENSMUSP00000076255,4930453N24Rik,531.2142436666667,protein_coding,8.32457168226609,MM,True,False,True
ENSMUSG00000002010,10090.ENSMUSP00000056502,Idh3g,6.974311333333333,protein_coding,2.376991183571775,MM,True,False,True
ENSMUSG00000059173,10090.ENSMUSP00000099711,Pde1a,43.002261,protein_coding,4.748151138324282,MM,True,False,True
ENSMUSG00000008976,10090.ENSMUSP00000009120,Gabpa,39.779551,protein_coding,4.6396070492882915,MM,True,False,False
ENSMUSG00000046934,10090.ENSMUSP00000052373,Csl,268.605713,protein_coding,7.34471760744593,MM,True,False,True
ENSMUSG00000067150,10090.ENSMUSP00000084257,Xpo5,37.29728566666667,protein_coding,4.550485809665915,MM,True,False,True
ENSMUSG00000042605,10090.ENSMUSP00000056715,Atxn2,51.42682766666667,protein_coding,4.995696550823808,MM,True,False,True
ENSMUSG00000028848,10090.ENSMUSP00000030661,Gpn2,26.731758000000003,protein_coding,4.093160095070829,MM,True,True,True
ENSMUSG00000033790,10090.ENSMUSP00000032627,Tubgcp5,5.728452,protein_coding,2.15271917772121,MM,True,False,True
ENSMUSG00000022009,10090.ENSMUSP00000022586,Nufip1,8.871926,protein_coding,2.6642195358712137,MM,True,False,True
ENSMUSG00000074886,10090.ENSMUSP00000001115,Grk6,1.4072653333333331,protein_coding,0.8845257681542121,MM,True,False,False
ENSMUSG00000028890,10090.ENSMUSP00000030723,Mtf1,32.42028833333333,protein_coding,4.357852827950389,MM,True,False,True
ENSMUSG00000002825,10090.ENSMUSP00000002902,Qtrt1,4.386720333333334,protein_coding,1.8629567668021603,MM,True,False,False
ENSMUSG00000033400,10090.ENSMUSP00000044012,Agl,2.800686333333333,protein_coding,1.4254054130654226,MM,True,False,True
ENSMUSG00000039542,10090.ENSMUSP00000130668,Ncam1,6.837493666666667,protein_coding,2.3548799593829686,MM,True,False,False
ENSMUSG00000036980,10090.ENSMUSP00000048016,Taf6,41.63444666666667,protein_coding,4.702480907701457,MM,True,False,True
ENSMUSG00000005936,10090.ENSMUSP00000062282,Kctd20,7.449206666666666,protein_coding,2.453755748001675,MM,True,False,False
ENSMUSG00000049858,10090.ENSMUSP00000056195,Suox,9.270126666666668,protein_coding,2.7169413043390924,MM,True,False,True
ENSMUSG00000035021,10090.ENSMUSP00000039757,Baz1a,119.939359,protein_coding,6.1930837896457245,MM,True,False,True
ENSMUSG00000000085,10090.ENSMUSP00000101908,Scmh1,50.408867,protein_coding,4.968743274162529,MM,True,False,False
ENSMUSG00000020238,10090.ENSMUSP00000020463,Ncln,21.174801666666664,protein_coding,3.7789193036557642,MM,True,False,True
ENSMUSG00000028926,10090.ENSMUSP00000030763,Cdk14,7.1338463333333335,protein_coding,2.403537236595999,MM,True,False,True
ENSMUSG00000092086,10090.ENSMUSP00000128163,Gm6793,28.91431533333333,processed_pseudogene,4.201057582824952,MM,True,False,True
ENSMUSG00000022185,10090.ENSMUSP00000022793,Acin1,128.90021766666666,protein_coding,6.294964424686672,MM,True,False,True
ENSMUSG00000022849,10090.ENSMUSP00000023555,Hspbap1,8.932927333333334,protein_coding,2.6732671776051067,MM,True,False,True
ENSMUSG00000030172,10090.ENSMUSP00000078534,Erc1,3.7108813333333335,protein_coding,1.6924385062985974,MM,True,False,False
ENSMUSG00000008226,10090.ENSMUSP00000088320,Scrn3,2.7237163333333334,protein_coding,1.4011595025050076,MM,True,False,True
ENSMUSG00000027002,10090.ENSMUSP00000028386,Nckap1,14.249858666666665,protein_coding,3.258590479806787,MM,True,False,True
ENSMUSG00000029265,10090.ENSMUSP00000031190,Dr1,107.75065366666664,protein_coding,6.040531989418046,MM,True,False,False
ENSMUSG00000022536,10090.ENSMUSP00000111510,Glyr1,61.39014433333333,protein_coding,5.245187348379966,MM,True,True,False
ENSMUSG00000053110,10090.ENSMUSP00000069554,Yap1,13.99042,protein_coding,3.2346248098906956,MM,True,False,True
ENSMUSG00000022641,10090.ENSMUSP00000119238,Bbx,25.622360333333337,protein_coding,4.036805673119803,MM,True,False,False
ENSMUSG00000031600,10090.ENSMUSP00000096415,Vps37a,57.39901466666666,protein_coding,5.151268624336256,MM,True,False,True
ENSMUSG00000004633,10090.ENSMUSP00000035908,Chn2,68.525734,protein_coding,5.39992972228851,MM,True,True,False
ENSMUSG00000019039,10090.ENSMUSP00000019183,Dalrd3,53.74469533333333,protein_coding,5.058169476378458,MM,True,False,True
ENSMUSG00000005575,10090.ENSMUSP00000005714,Ube2m,260.9339803333333,protein_coding,7.302573757734105,MM,True,False,True
ENSMUSG00000027940,10090.ENSMUSP00000113978,Tpm3,47.176021666666664,protein_coding,4.878251492165973,MM,True,False,False
ENSMUSG00000038482,10090.ENSMUSP00000127952,Tfdp1,36.345775666666654,protein_coding,4.514868354102796,MM,True,True,True
ENSMUSG00000030512,10090.ENSMUSP00000117947,Snrpa1,132.84631866666666,protein_coding,6.33810832558806,MM,True,False,True
ENSMUSG00000025586,10090.ENSMUSP00000095936,Cpeb1,3.968588,protein_coding,1.7594797112484994,MM,True,False,True
ENSMUSG00000039936,10090.ENSMUSP00000101315,Pik3cd,29.350810666666664,protein_coding,4.220856525018866,MM,True,False,True
ENSMUSG00000028948,10090.ENSMUSP00000099486,Nol9,6.9494690000000015,protein_coding,2.3730027863065826,MM,True,True,True
ENSMUSG00000037720,10090.ENSMUSP00000042852,Tmem33,10.50653,protein_coding,2.8718263045302557,MM,True,False,True
ENSMUSG00000006005,10090.ENSMUSP00000117616,Tpr,87.83120466666666,protein_coding,5.751029301152475,MM,True,False,True
ENSMUSG00000035478,10090.ENSMUSP00000089948,Mbd3,165.785843,protein_coding,6.654255355024406,MM,True,True,True
ENSMUSG00000029657,10090.ENSMUSP00000074392,Hsph1,70.34553000000001,protein_coding,5.437200823537871,MM,True,False,True
ENSMUSG00000039828,10090.ENSMUSP00000037340,Wdr70,57.92448166666667,protein_coding,5.163773894215871,MM,True,True,True
ENSMUSG00000027498,10090.ENSMUSP00000112076,Cstf1,53.20903633333333,protein_coding,5.044906432859233,MM,True,False,True
ENSMUSG00000026384,10090.ENSMUSP00000067614,Ptpn4,12.996004333333332,protein_coding,3.141066838864565,MM,True,False,False
ENSMUSG00000029279,10090.ENSMUSP00000031215,Brdt,173.85469033333337,protein_coding,6.722347452653939,MM,True,False,False
ENSMUSG00000025217,10090.ENSMUSP00000070728,Btrc,132.37448633333335,protein_coding,6.33280886506446,MM,True,False,True
ENSMUSG00000063524,10090.ENSMUSP00000079727,Eno1,406.2228596666667,protein_coding,7.938585577170071,MM,True,False,True
ENSMUSG00000036114,10090.ENSMUSP00000041477,Rpp25l,19.363827666666666,protein_coding,3.659779672891241,MM,True,False,False
ENSMUSG00000037544,10090.ENSMUSP00000040416,Dlgap5,20.815192666666665,protein_coding,3.757608813467435,MM,True,True,False
ENSMUSG00000026640,10090.ENSMUSP00000027952,Plxna2,4.934616666666666,protein_coding,1.9884876488860193,MM,True,False,False
ENSMUSG00000029414,10090.ENSMUSP00000031366,Kntc1,17.34727033333333,protein_coding,3.5154214685177987,MM,True,False,False
ENSMUSG00000092416,10090.ENSMUSP00000133899,Zfp141,3.435057333333333,protein_coding,1.6164334529664495,MM,True,True,False
ENSMUSG00000043885,10090.ENSMUSP00000057355,Slc36a4,2.584870333333333,protein_coding,1.3532308729040576,MM,True,False,False
ENSMUSG00000010721,10090.ENSMUSP00000058405,Lmbr1,24.12301833333333,protein_coding,3.9555825240087423,MM,True,False,False
ENSMUSG00000084883,10090.ENSMUSP00000125757,Ccdc85c,19.492761,protein_coding,3.669148497219441,MM,True,False,True
ENSMUSG00000093803,10090.ENSMUSP00000137530,Ppp2r3d,7.044678,protein_coding,2.3879274918911046,MM,True,False,False
ENSMUSG00000025730,10090.ENSMUSP00000127546,Rab40c,7.555363333333332,protein_coding,2.470659546436942,MM,True,False,True
ENSMUSG00000062070,10090.ENSMUSP00000080302,Pgk1,3.3907773333333338,protein_coding,1.603726111254279,MM,True,False,True
ENSMUSG00000027332,10090.ENSMUSP00000028807,Ivd,8.320846333333334,protein_coding,2.58566580339787,MM,True,True,True
ENSMUSG00000015766,10090.ENSMUSP00000052776,Eps8,2.4068936666666665,protein_coding,1.2913905954961347,MM,True,False,False
ENSMUSG00000094103,10090.ENSMUSP00000137377,1700047I17Rik2,78.01931499999998,protein_coding,5.582954224607975,MM,True,False,False
ENSMUSG00000024646,10090.ENSMUSP00000124480,Cyb5a,64.04254633333333,protein_coding,5.304488128379327,MM,True,False,True
ENSMUSG00000018209,10090.ENSMUSP00000018353,Stk4,38.58836766666667,protein_coding,4.597988640411906,MM,True,False,True
ENSMUSG00000024773,10090.ENSMUSP00000046412,Atg2a,7.172101333333332,protein_coding,2.4090973432847096,MM,True,False,True
ENSMUSG00000007564,10090.ENSMUSP00000007708,Ppp2r1a,7.827108,protein_coding,2.5128935837707833,MM,True,False,True
ENSMUSG00000006471,10090.ENSMUSP00000109989,Ndor1,6.868346000000001,protein_coding,2.3587848295056415,MM,True,False,True
ENSMUSG00000074922,10090.ENSMUSP00000097152,Fam122a,5.906125666666667,protein_coding,2.186746268168212,MM,True,False,False
ENSMUSG00000054237,10090.ENSMUSP00000070534,Fra10ac1,29.70639633333333,protein_coding,4.238109214541132,MM,True,True,False
ENSMUSG00000038936,10090.ENSMUSP00000040956,Sccpdh,790.5277506666667,protein_coding,8.896643904604332,MM,True,False,True
ENSMUSG00000039501,10090.ENSMUSP00000049404,Znfx1,15.064524666666665,protein_coding,3.3301824281226744,MM,True,False,False
ENSMUSG00000028647,10090.ENSMUSP00000030400,Mycbp,137.29508733333333,protein_coding,6.385645826300334,MM,True,False,True
ENSMUSG00000068394,10090.ENSMUSP00000087208,Cep152,4.869688333333333,protein_coding,1.9743401222565318,MM,True,False,True
ENSMUSG00000020775,10090.ENSMUSP00000102047,Mrpl38,77.50108733333333,protein_coding,5.57237764309458,MM,True,False,True
ENSMUSG00000002778,10090.ENSMUSP00000002855,Kdelr1,15.40422833333333,protein_coding,3.359033021008572,MM,True,False,True
ENSMUSG00000002981,10090.ENSMUSP00000051293,Clptm1,40.232257666666655,protein_coding,4.655079809154547,MM,True,False,True
ENSMUSG00000052512,10090.ENSMUSP00000067448,Nav2,6.730399666666668,protein_coding,2.3357964080110922,MM,True,False,False
ENSMUSG00000026035,10090.ENSMUSP00000080378,Ppil3,27.539323,protein_coding,4.134572560670461,MM,True,False,False
ENSMUSG00000028936,10090.ENSMUSP00000118787,Rpl22,51.92424266666666,protein_coding,5.0104506155335455,MM,True,False,True
ENSMUSG00000023066,10090.ENSMUSP00000023828,Rttn,4.799311,protein_coding,1.9590263636248042,MM,True,False,False
ENSMUSG00000054256,10090.ENSMUSP00000120516,Msi1,18.964463666666667,protein_coding,3.632243278377776,MM,True,False,False
ENSMUSG00000019863,10090.ENSMUSP00000020012,Qrsl1,12.734534333333334,protein_coding,3.1145230585871655,MM,True,False,True
ENSMUSG00000000628,10090.ENSMUSP00000000642,Hk2,1.8274116666666664,protein_coding,1.0696375566393406,MM,True,False,True
ENSMUSG00000027080,10090.ENSMUSP00000099705,Med19,21.327160666666668,protein_coding,3.789920137656878,MM,True,False,True
ENSMUSG00000024163,10090.ENSMUSP00000085683,Mapk8ip3,16.291048,protein_coding,3.432345596994621,MM,True,False,False
ENSMUSG00000045631,10090.ENSMUSP00000093914,Tmprss12,40.578990999999995,protein_coding,4.666897900919298,MM,True,True,False
ENSMUSG00000013584,10090.ENSMUSP00000034723,Aldh1a2,131.03888966666668,protein_coding,6.31868328392805,MM,True,False,False
ENSMUSG00000038902,10090.ENSMUSP00000102891,Pogz,4.744997333333333,protein_coding,1.9456193136087623,MM,True,False,True
ENSMUSG00000003099,10090.ENSMUSP00000003183,Ppp5c,59.47870266666666,protein_coding,5.200027550855425,MM,True,True,True
ENSMUSG00000029815,10090.ENSMUSP00000122941,Malsu1,15.893129666666667,protein_coding,3.4012375216754798,MM,True,False,True
ENSMUSG00000073563,10090.ENSMUSP00000070259,Csnk1g3,6.690413,protein_coding,2.32887628328837,MM,True,False,False
ENSMUSG00000029263,10090.ENSMUSP00000031189,Pigg,2.669858,protein_coding,1.3817568089248815,MM,True,False,False
ENSMUSG00000020171,10090.ENSMUSP00000020382,Yeats4,250.499476,protein_coding,7.245045029132554,MM,True,True,True
ENSMUSG00000054545,10090.ENSMUSP00000108759,Ugt1a6a,41.033616333333335,protein_coding,4.683093334123069,MM,True,False,False
ENSMUSG00000025474,10090.ENSMUSP00000026547,Tubgcp2,53.79037966666667,protein_coding,5.059576528117741,MM,True,False,True
ENSMUSG00000040028,10090.ENSMUSP00000096549,Elavl1,24.48978233333333,protein_coding,3.975940114165316,MM,True,False,True
ENSMUSG00000003438,10090.ENSMUSP00000080614,Timm50,16.830941,protein_coding,3.4745706798537332,MM,True,False,True
ENSMUSG00000031691,10090.ENSMUSP00000133076,Tnpo2,23.888822666666666,protein_coding,3.9414658441063963,MM,True,True,True
ENSMUSG00000029111,10090.ENSMUSP00000030993,Nelfa,35.060271,protein_coding,4.465222021447171,MM,True,True,True
ENSMUSG00000006784,10090.ENSMUSP00000090355,Ttc25,322.3164366666667,protein_coding,7.6063309544061655,MM,True,False,True
ENSMUSG00000035173,10090.ENSMUSP00000113457,Ccdc186,25.20342166666667,protein_coding,4.0156914286260434,MM,True,False,True
ENSMUSG00000024654,10090.ENSMUSP00000051709,Asrgl1,941.5929973333333,protein_coding,9.14828277009254,MM,True,False,False
ENSMUSG00000039530,10090.ENSMUSP00000126080,Tusc3,119.18602766666667,protein_coding,6.1837373895140955,MM,True,True,True
ENSMUSG00000045996,10090.ENSMUSP00000051968,Polr2k,21.385479,protein_coding,3.7929037536569172,MM,True,False,True
ENSMUSG00000007613,10090.ENSMUSP00000007757,Tgfbr1,7.030950333333332,protein_coding,2.3867017057712365,MM,True,False,True
ENSMUSG00000000787,10090.ENSMUSP00000000804,Ddx3x,9.457180000000001,protein_coding,2.7422883246886176,MM,True,False,False
ENSMUSG00000051256,10090.ENSMUSP00000098631,Jagn1,44.58818933333333,protein_coding,4.798052571807863,MM,True,True,True
ENSMUSG00000028552,10090.ENSMUSP00000099790,Eps15,101.71290333333332,protein_coding,5.9587327680021795,MM,True,False,True
ENSMUSG00000052738,10090.ENSMUSP00000065113,Suclg1,206.60516366666664,protein_coding,6.969016714208998,MM,True,False,True
ENSMUSG00000020900,10090.ENSMUSP00000099671,Myh10,61.45719933333334,protein_coding,5.246440036988259,MM,True,False,True
ENSMUSG00000031617,10090.ENSMUSP00000034030,Tmem184c,10.805863,protein_coding,2.9068894414520243,MM,True,False,True
ENSMUSG00000052214,10090.ENSMUSP00000069965,Opa3,7.8462130000000005,protein_coding,2.5148406717793295,MM,True,False,False
ENSMUSG00000024539,10090.ENSMUSP00000112675,Ptpn2,94.17524433333334,protein_coding,5.8495626247414405,MM,True,False,False
ENSMUSG00000004994,10090.ENSMUSP00000096177,Ccdc130,84.88923633333333,protein_coding,5.701647497283412,MM,True,False,True
ENSMUSG00000055817,10090.ENSMUSP00000068931,Mta3,46.37984733333334,protein_coding,4.853114695751723,MM,True,False,True
ENSMUSG00000026491,10090.ENSMUSP00000027768,Ahctf1,117.7335256666667,protein_coding,6.166579610226224,MM,True,True,False
ENSMUSG00000030934,10090.ENSMUSP00000081544,Oat,14.129345333333333,protein_coding,3.24744390176327,MM,True,False,True
ENSMUSG00000050043,10090.ENSMUSP00000107294,Tmx2,20.052810666666666,protein_coding,3.7073905719058313,MM,True,False,False
ENSMUSG00000025268,10090.ENSMUSP00000026302,Maged2,5.2053236666666685,protein_coding,2.0464624225354755,MM,True,False,False
ENSMUSG00000053565,10090.ENSMUSP00000066038,Eif3k,297.2426453333333,protein_coding,7.489825142000146,MM,True,False,True
ENSMUSG00000039509,10090.ENSMUSP00000048084,Nup133,37.384970333333335,protein_coding,4.554129612758457,MM,True,True,True
ENSMUSG00000021661,10090.ENSMUSP00000022164,Ankra2,27.92192266666667,protein_coding,4.153734172175265,MM,True,True,True
ENSMUSG00000025504,10090.ENSMUSP00000026577,Eps8l2,1.5312676666666665,protein_coding,0.9419824320105645,MM,True,False,False
ENSMUSG00000004626,10090.ENSMUSP00000125405,Stxbp2,50.31006,protein_coding,4.966228320174655,MM,True,False,False
ENSMUSG00000034120,10090.ENSMUSP00000090059,Srsf2,109.49256366666668,protein_coding,6.062910995221376,MM,True,False,False
ENSMUSG00000091803,10090.ENSMUSP00000002757,Cox16,196.48611466666668,protein_coding,6.897479096014522,MM,True,False,False
ENSMUSG00000040459,10090.ENSMUSP00000039493,Arglu1,295.2771196666667,protein_coding,7.4810143570198955,MM,True,False,False
ENSMUSG00000032187,10090.ENSMUSP00000034707,Smarca4,119.58174633333331,protein_coding,6.1878543372879244,MM,True,True,True
ENSMUSG00000040659,10090.ENSMUSP00000044502,Efhd2,5.215564666666666,protein_coding,2.0479665271681142,MM,True,False,False
ENSMUSG00000005371,10090.ENSMUSP00000005504,Fbxo11,13.214963666666668,protein_coding,3.1623606046484505,MM,True,False,True
ENSMUSG00000041498,10090.ENSMUSP00000139698,Kif14,3.8091646666666654,protein_coding,1.7190870385035568,MM,True,False,True
ENSMUSG00000032869,10090.ENSMUSP00000041184,Psmf1,110.98141733333334,protein_coding,6.082362501838604,MM,True,False,True
ENSMUSG00000000711,10090.ENSMUSP00000000727,Rab5b,14.654014666666667,protein_coding,3.294839703365029,MM,True,False,True
ENSMUSG00000034858,10090.ENSMUSP00000080442,Fam214a,26.01406366666667,protein_coding,4.0574009973136,MM,True,True,False
ENSMUSG00000022297,10090.ENSMUSP00000022906,Fzd6,1.019051,protein_coding,0.6895594931744276,MM,True,False,True
ENSMUSG00000024902,10090.ENSMUSP00000025836,Mrpl11,39.950423,protein_coding,4.645740407338017,MM,True,True,True
ENSMUSG00000074797,10090.ENSMUSP00000099482,Itpa,22.53958133333333,protein_coding,3.8637098734876156,MM,True,False,True
ENSMUSG00000020544,10090.ENSMUSP00000020851,Cox11,46.51436066666667,protein_coding,4.857483892762406,MM,True,True,True
ENSMUSG00000031918,10090.ENSMUSP00000034396,Mtmr2,54.20418666666666,protein_coding,5.070705040321538,MM,True,False,True
ENSMUSG00000061062,10090.ENSMUSP00000078339,Gm10093,55.34971633333333,processed_pseudogene,5.10008810394103,MM,True,False,True
ENSMUSG00000039963,10090.ENSMUSP00000039463,Ccdc40,161.76624533333333,protein_coding,6.618854645707748,MM,True,True,True
ENSMUSG00000071176,10090.ENSMUSP00000081225,Arhgef10,12.605948,protein_coding,3.101034031673935,MM,True,False,True
ENSMUSG00000037622,10090.ENSMUSP00000040647,Wdtc1,154.85815433333332,protein_coding,6.556003753536154,MM,True,False,True
ENSMUSG00000022474,10090.ENSMUSP00000023112,Pmm1,13.668693666666668,protein_coding,3.204481834586474,MM,True,True,True
ENSMUSG00000028578,10090.ENSMUSP00000030313,Caap1,7.014859333333333,protein_coding,2.3846443583727797,MM,True,False,True
ENSMUSG00000059447,10090.ENSMUSP00000110434,Hadhb,45.71097933333333,protein_coding,4.832704004192207,MM,True,False,True
ENSMUSG00000036463,10090.ENSMUSP00000045487,4930544G11Rik,344.923289,protein_coding,7.703962942987329,MM,True,False,True
ENSMUSG00000026509,10090.ENSMUSP00000068895,Capn2,3.597002666666666,protein_coding,1.6616152338386412,MM,True,False,False
ENSMUSG00000039901,10090.ENSMUSP00000048454,Armh3,6.577595,protein_coding,2.309163670094357,MM,True,False,True
ENSMUSG00000058230,10090.ENSMUSP00000075242,Arhgap35,14.746801000000001,protein_coding,3.3029409405028614,MM,True,False,True
ENSMUSG00000029534,10090.ENSMUSP00000057326,St7,6.150991,protein_coding,2.2313927768004933,MM,True,False,False
ENSMUSG00000039176,10090.ENSMUSP00000073551,Polg,74.869915,protein_coding,5.524155158102011,MM,True,False,False
ENSMUSG00000005949,10090.ENSMUSP00000006103,Ctns,2.954279666666667,protein_coding,1.4730562459261727,MM,True,False,False
ENSMUSG00000039656,10090.ENSMUSP00000036585,Rxrb,12.199165333333333,protein_coding,3.0593262018955434,MM,True,False,False
ENSMUSG00000033793,10090.ENSMUSP00000040756,Atp6v1h,117.18889866666666,protein_coding,6.160100286756515,MM,True,False,True
ENSMUSG00000025651,10090.ENSMUSP00000026743,Uqcrc1,220.37821966666667,protein_coding,7.061281583010017,MM,True,False,True
ENSMUSG00000022707,10090.ENSMUSP00000132603,Gbe1,3.755982333333333,protein_coding,1.704852492367339,MM,True,False,True
ENSMUSG00000031835,10090.ENSMUSP00000095965,Mbtps1,3.913139,protein_coding,1.744942666631787,MM,True,False,True
ENSMUSG00000044424,10090.ENSMUSP00000100516,Gm9493,44.90206,processed_pseudogene,4.807807307767652,MM,True,False,False
ENSMUSG00000038485,10090.ENSMUSP00000040896,Socs7,34.50826533333333,protein_coding,4.443226501640285,MM,True,False,False
ENSMUSG00000028582,10090.ENSMUSP00000030320,Cc2d1b,17.606857333333334,protein_coding,3.5349807204660535,MM,True,False,False
ENSMUSG00000031256,10090.ENSMUSP00000033609,Cstf2,7.873578999999999,protein_coding,2.519737387331041,MM,True,False,True
ENSMUSG00000035133,10090.ENSMUSP00000106353,Arhgap5,62.22220866666667,protein_coding,5.264724912323063,MM,True,False,True
ENSMUSG00000061525,10090.ENSMUSP00000079030,4921509C19Rik,3.347307666666667,protein_coding,1.591422829905452,MM,True,False,False
ENSMUSG00000040652,10090.ENSMUSP00000136914,Oaz2,124.47648599999998,protein_coding,6.245328949958478,MM,True,False,True
ENSMUSG00000033021,10090.ENSMUSP00000035564,Gmppa,20.197084333333333,protein_coding,3.7165403155533907,MM,True,False,False
ENSMUSG00000042831,10090.ENSMUSP00000051515,Alkbh6,10.090158666666667,protein_coding,2.821058984768105,MM,True,False,True
ENSMUSG00000010453,10090.ENSMUSP00000010597,Kansl3,118.96620166666668,protein_coding,6.181054161865806,MM,True,True,True
ENSMUSG00000016940,10090.ENSMUSP00000099324,Kctd2,17.773520666666666,protein_coding,3.5472003096738893,MM,True,False,True
ENSMUSG00000035139,10090.ENSMUSP00000045740,Secisbp2,26.07844733333333,protein_coding,4.06065745930683,MM,True,False,False
ENSMUSG00000030126,10090.ENSMUSP00000086285,Tmcc1,77.00483700000002,protein_coding,5.565337918295696,MM,True,False,True
ENSMUSG00000041671,10090.ENSMUSP00000036394,Pyroxd1,15.368656333333336,protein_coding,3.357316650191741,MM,True,False,True
ENSMUSG00000029071,10090.ENSMUSP00000030948,Dvl1,87.16798899999998,protein_coding,5.738774329813823,MM,True,True,True
ENSMUSG00000030082,10090.ENSMUSP00000032168,Sec61a1,69.49112433333333,protein_coding,5.419317942254383,MM,True,False,True
ENSMUSG00000032553,10090.ENSMUSP00000035157,Srprb,24.59574566666667,protein_coding,3.981171534384973,MM,True,False,True
ENSMUSG00000026585,10090.ENSMUSP00000076830,Kifap3,67.14235966666668,protein_coding,5.3715444239734005,MM,True,False,True
ENSMUSG00000026028,10090.ENSMUSP00000027186,Trak2,1.4099303333333335,protein_coding,0.8862832386851173,MM,True,True,True
ENSMUSG00000030534,10090.ENSMUSP00000032749,Vps33b,11.233861333333335,protein_coding,2.9555480251561406,MM,True,False,True
ENSMUSG00000040945,10090.ENSMUSP00000071163,Rcc2,21.394382666666672,protein_coding,3.792759169486965,MM,True,False,False
ENSMUSG00000064145,10090.ENSMUSP00000013338,Arih2,116.19583633333332,protein_coding,6.14774982658164,MM,True,False,True
ENSMUSG00000089992,10090.ENSMUSP00000131163,G6pd2,7.636445333333333,protein_coding,2.4838493913984507,MM,True,False,True
ENSMUSG00000039640,10090.ENSMUSP00000044417,Mrpl12,89.164103,protein_coding,5.770979182434789,MM,True,False,True
ENSMUSG00000037012,10090.ENSMUSP00000097282,Hk1,359.02539066666674,protein_coding,7.760951662544261,MM,True,False,True
ENSMUSG00000023026,10090.ENSMUSP00000097777,Dip2b,4.936857,protein_coding,1.9886739024917635,MM,True,False,False
ENSMUSG00000031974,10090.ENSMUSP00000075011,Abcb10,2.1482233333333336,protein_coding,1.1968048870475139,MM,True,False,False
ENSMUSG00000029209,10090.ENSMUSP00000031117,Gnpda2,22.750227,protein_coding,3.876793262709753,MM,True,False,True
ENSMUSG00000028649,10090.ENSMUSP00000119600,Macf1,2.9561626666666663,protein_coding,1.4734400690648763,MM,True,False,True
ENSMUSG00000059040,10090.ENSMUSP00000075513,Eno1b,58.15733333333333,protein_coding,5.169088476740771,MM,True,False,True
ENSMUSG00000027465,10090.ENSMUSP00000028963,Tbc1d20,49.21666633333334,protein_coding,4.9352862210741355,MM,True,False,True
ENSMUSG00000034292,10090.ENSMUSP00000042391,Traf3ip1,54.89491766666666,protein_coding,5.088241262210053,MM,True,False,False
ENSMUSG00000059430,10090.ENSMUSP00000074658,Actg2,33.17961233333333,protein_coding,4.3896386923442,MM,True,False,True
ENSMUSG00000027889,10090.ENSMUSP00000099698,Ampd2,1.1528803333333333,protein_coding,0.7597171751752565,MM,True,True,False
ENSMUSG00000002963,10090.ENSMUSP00000003044,Pnkp,16.48419266666667,protein_coding,3.447329821931628,MM,True,False,True
ENSMUSG00000029326,10090.ENSMUSP00000129704,Enoph1,16.68288133333333,protein_coding,3.4638094946552385,MM,True,False,True
ENSMUSG00000060279,10090.ENSMUSP00000127842,Ap2a1,50.73533899999999,protein_coding,4.977123081047103,MM,True,False,True
ENSMUSG00000029106,10090.ENSMUSP00000109979,Add1,9.864512666666668,protein_coding,2.7932938539047565,MM,True,True,False
ENSMUSG00000015932,10090.ENSMUSP00000099461,Dstn,22.461676666666666,protein_coding,3.8595019213428152,MM,True,False,True
ENSMUSG00000024181,10090.ENSMUSP00000025014,Mrpl28,34.27466933333334,protein_coding,4.433564477585646,MM,True,False,True
ENSMUSG00000036632,10090.ENSMUSP00000035879,Alg5,6.811137666666667,protein_coding,2.3500107976956115,MM,True,False,True
ENSMUSG00000051586,10090.ENSMUSP00000096056,Mical3,8.848431333333332,protein_coding,2.659446167859572,MM,True,False,False
ENSMUSG00000019428,10090.ENSMUSP00000114069,Fkbp8,75.55674233333333,protein_coding,5.536647050083168,MM,True,False,True
ENSMUSG00000042079,10090.ENSMUSP00000130023,Hnrnpf,270.07679233333334,protein_coding,7.352385814221739,MM,True,False,True
ENSMUSG00000033610,10090.ENSMUSP00000043562,Pank1,21.59711133333333,protein_coding,3.8064997688015074,MM,True,True,False
ENSMUSG00000038335,10090.ENSMUSP00000039027,Tsr1,7.068439333333332,protein_coding,2.3929782547352922,MM,True,False,True
ENSMUSG00000053754,10090.ENSMUSP00000087184,Chd8,28.66214266666667,protein_coding,4.190009686277619,MM,True,False,False
ENSMUSG00000016933,10090.ENSMUSP00000099404,Plcg1,10.748537333333333,protein_coding,2.9001137218367345,MM,True,False,True
ENSMUSG00000033335,10090.ENSMUSP00000133564,Dnm2,133.50176499999998,protein_coding,6.344501037168377,MM,True,True,True
ENSMUSG00000047669,10090.ENSMUSP00000051220,Msl3l2,46.82215766666667,protein_coding,4.866413547067689,MM,True,False,True
ENSMUSG00000028962,10090.ENSMUSP00000078972,Slc4a2,4.083801666666666,protein_coding,1.7878421172543546,MM,True,False,True
ENSMUSG00000048878,10090.ENSMUSP00000057339,Hexim1,10.475481333333333,protein_coding,2.867365269983792,MM,True,False,True
ENSMUSG00000032727,10090.ENSMUSP00000104895,Mier3,61.01929333333334,protein_coding,5.236784112825773,MM,True,False,False
ENSMUSG00000023008,10090.ENSMUSP00000085566,Fmnl3,11.306350333333333,protein_coding,2.9633271958829956,MM,True,False,False
ENSMUSG00000034875,10090.ENSMUSP00000047778,Nudt19,5.3457180000000015,protein_coding,2.075213137816492,MM,True,False,True
ENSMUSG00000039988,10090.ENSMUSP00000038662,Ankrd13c,21.696231,protein_coding,3.8128916184194717,MM,True,False,False
ENSMUSG00000026342,10090.ENSMUSP00000027580,Slc35f5,8.74061,protein_coding,2.6458153084095866,MM,True,False,True
ENSMUSG00000050310,10090.ENSMUSP00000051809,Rictor,2.3385513333333336,protein_coding,1.2672009780647822,MM,True,False,True
ENSMUSG00000068290,10090.ENSMUSP00000086988,Ddrgk1,53.91977333333333,protein_coding,5.062453270259281,MM,True,False,True
ENSMUSG00000024604,10090.ENSMUSP00000025506,Rbm22,16.225504333333333,protein_coding,3.427833911123484,MM,True,True,True
ENSMUSG00000060012,10090.ENSMUSP00000098041,Kif13b,6.020489666666667,protein_coding,2.207711514505028,MM,True,False,True
ENSMUSG00000036112,10090.ENSMUSP00000138006,Metap2,233.43145733333336,protein_coding,7.144287254281214,MM,True,False,True
ENSMUSG00000027679,10090.ENSMUSP00000011029,Dnajc19,13.171254999999999,protein_coding,3.157868441464622,MM,True,False,True
ENSMUSG00000007591,10090.ENSMUSP00000007735,Tssk4,33.90945200000001,protein_coding,4.41919134441948,MM,True,False,True
ENSMUSG00000027131,10090.ENSMUSP00000028551,Emc4,38.16737,protein_coding,4.5820154129474835,MM,True,False,True
ENSMUSG00000038467,10090.ENSMUSP00000036206,Chmp4b,172.44024666666667,protein_coding,6.710128940229598,MM,True,False,True
ENSMUSG00000037514,10090.ENSMUSP00000119606,Pank2,55.27643233333333,protein_coding,5.098387440621384,MM,True,True,True
ENSMUSG00000021981,10090.ENSMUSP00000022553,Cab39l,65.94963566666667,protein_coding,5.3459936959985415,MM,True,True,True
ENSMUSG00000030057,10090.ENSMUSP00000032138,Cnbp,197.1011453333333,protein_coding,6.901945082053534,MM,True,False,False
ENSMUSG00000036644,10090.ENSMUSP00000090825,Tbc1d9b,5.757982000000001,protein_coding,2.157812726855804,MM,True,False,False
ENSMUSG00000032966,10090.ENSMUSP00000037206,Fkbp1a,377.23156733333326,protein_coding,7.832277875785529,MM,True,False,True
ENSMUSG00000029004,10090.ENSMUSP00000092569,Kmt2e,20.921809,protein_coding,3.7638328124987006,MM,True,False,True
ENSMUSG00000001783,10090.ENSMUSP00000001834,Rtcb,44.240686,protein_coding,4.787136330581322,MM,True,False,True
ENSMUSG00000092417,10090.ENSMUSP00000056646,Gpank1,66.85092666666667,protein_coding,5.364650727892403,MM,True,False,True
ENSMUSG00000070565,10090.ENSMUSP00000077423,Rasal2,6.938107333333333,protein_coding,2.3712160133741977,MM,True,False,True
ENSMUSG00000025142,10090.ENSMUSP00000026135,Aspscr1,146.63138833333332,protein_coding,6.478201606827682,MM,True,False,True
ENSMUSG00000029345,10090.ENSMUSP00000031288,Tfip11,30.122485666666666,protein_coding,4.256337756971081,MM,True,False,True
ENSMUSG00000017428,10090.ENSMUSP00000017572,Psmd11,91.35861466666664,protein_coding,5.805380626203074,MM,True,False,True
ENSMUSG00000035203,10090.ENSMUSP00000096445,Epn1,30.67225233333333,protein_coding,4.280633922546823,MM,True,False,True
ENSMUSG00000025584,10090.ENSMUSP00000026672,Pde8a,190.1686246666667,protein_coding,6.850457528320939,MM,True,True,True
ENSMUSG00000054252,10090.ENSMUSP00000085122,Fgfr3,2.7573426666666667,protein_coding,1.4103414664638139,MM,True,True,True
ENSMUSG00000096370,10090.ENSMUSP00000128810,Gm21992,7.182460000000001,protein_coding,2.4101678586340496,MM,True,False,False
ENSMUSG00000038425,10090.ENSMUSP00000112563,Poli,14.732337333333335,protein_coding,3.3016482209650655,MM,True,False,True
ENSMUSG00000022749,10090.ENSMUSP00000023431,Tbc1d23,13.132803333333333,protein_coding,3.1539969802526917,MM,True,False,True
ENSMUSG00000018845,10090.ENSMUSP00000103795,Unc45b,1.2494146666666666,protein_coding,0.8083433104098906,MM,True,True,True
ENSMUSG00000030983,10090.ENSMUSP00000033282,Bccip,18.974111333333333,protein_coding,3.63359441980499,MM,True,False,True
ENSMUSG00000019942,10090.ENSMUSP00000020099,Cdk1,50.87469,protein_coding,4.981976646686906,MM,True,True,True
ENSMUSG00000091512,10090.ENSMUSP00000130811,Lamtor3,5.4488173333333325,protein_coding,2.0966650945175846,MM,True,False,True
ENSMUSG00000005125,10090.ENSMUSP00000005256,Ndrg1,1.0786646666666666,protein_coding,0.7216748026272213,MM,True,False,False
ENSMUSG00000020114,10090.ENSMUSP00000020315,Cand1,109.69916033333334,protein_coding,6.065971394264211,MM,True,True,True
ENSMUSG00000026646,10090.ENSMUSP00000027956,Suv39h2,6.823241666666667,protein_coding,2.3519264100563837,MM,True,False,False
ENSMUSG00000032294,10090.ENSMUSP00000034834,Pkm,67.75133133333334,protein_coding,5.38342577073468,MM,True,False,True
ENSMUSG00000023868,10090.ENSMUSP00000086485,Pde10a,28.723493666666666,protein_coding,4.192409790511867,MM,True,True,True
ENSMUSG00000026473,10090.ENSMUSP00000083375,Glul,63.93824133333334,protein_coding,5.301726800460801,MM,True,False,True
ENSMUSG00000034006,10090.ENSMUSP00000121890,Pqlc1,5.182851,protein_coding,2.0414831777364117,MM,True,False,True
ENSMUSG00000020888,10090.ENSMUSP00000019362,Dvl2,16.00720766666667,protein_coding,3.4094715890224645,MM,True,True,True
ENSMUSG00000026103,10090.ENSMUSP00000110158,Gls,9.608363666666666,protein_coding,2.761996799055292,MM,True,False,True
ENSMUSG00000020333,10090.ENSMUSP00000104533,Acsl6,110.170746,protein_coding,6.071280467827207,MM,True,True,False
ENSMUSG00000059288,10090.ENSMUSP00000074707,Cdyl,15.948204333333335,protein_coding,3.405021253401731,MM,True,False,True
ENSMUSG00000014859,10090.ENSMUSP00000015003,E2f4,29.85078566666667,protein_coding,4.243995270052615,MM,True,False,True
ENSMUSG00000008730,10090.ENSMUSP00000029438,Hipk1,17.034535333333334,protein_coding,3.491348770244019,MM,True,False,False
ENSMUSG00000001891,10090.ENSMUSP00000099939,Ugp2,16.13292733333333,protein_coding,3.4204832105668403,MM,True,False,True
ENSMUSG00000027206,10090.ENSMUSP00000106090,Cops2,85.40311466666667,protein_coding,5.711283442719642,MM,True,False,True
ENSMUSG00000002799,10090.ENSMUSP00000075224,Jag2,2.107468,protein_coding,1.1803825612069156,MM,True,False,True
ENSMUSG00000020640,10090.ENSMUSP00000052758,Itsn2,3.6104756666666673,protein_coding,1.6653325816893374,MM,True,False,True
ENSMUSG00000029101,10090.ENSMUSP00000030984,Rgs12,23.930363,protein_coding,3.944198214935534,MM,True,True,False
ENSMUSG00000030735,10090.ENSMUSP00000091180,Gm9755,21.863139999999998,processed_pseudogene,3.822608983661855,MM,True,False,True
ENSMUSG00000058388,10090.ENSMUSP00000066607,Phtf1,127.66081233333334,protein_coding,6.281552625741026,MM,True,True,False
ENSMUSG00000030610,10090.ENSMUSP00000032839,Det1,4.399825,protein_coding,1.8665697604999443,MM,True,False,True
ENSMUSG00000043648,10090.ENSMUSP00000115503,Pld6,86.52497833333332,protein_coding,5.7286485323829375,MM,True,True,False
ENSMUSG00000018167,10090.ENSMUSP00000018311,Stard3,4.779983333333333,protein_coding,1.953279395797949,MM,True,False,True
ENSMUSG00000021810,10090.ENSMUSP00000022344,Ecd,51.33731600000001,protein_coding,4.994371993758077,MM,True,False,False
ENSMUSG00000071659,10090.ENSMUSP00000094515,Hnrnpul2,35.08132266666667,protein_coding,4.466263409777229,MM,True,False,False
ENSMUSG00000052155,10090.ENSMUSP00000067305,Acvr2a,8.746131333333333,protein_coding,2.646775173170477,MM,True,False,False
ENSMUSG00000038369,10090.ENSMUSP00000105295,Ncoa6,55.55985266666667,protein_coding,5.1054778666021,MM,True,False,True
ENSMUSG00000029238,10090.ENSMUSP00000074656,Clock,3.471283666666667,protein_coding,1.6269779537279265,MM,True,False,True
ENSMUSG00000031095,10090.ENSMUSP00000059276,Cul4b,25.75894,protein_coding,4.044386250091314,MM,True,False,True
ENSMUSG00000022354,10090.ENSMUSP00000022980,Ndufb9,325.1755983333333,protein_coding,7.6190650974884715,MM,True,False,True
ENSMUSG00000028411,10090.ENSMUSP00000124264,Aptx,36.987874333333345,protein_coding,4.539811134076865,MM,True,False,False
ENSMUSG00000033917,10090.ENSMUSP00000046371,Gde1,113.36844133333334,protein_coding,6.112909315313816,MM,True,False,True
ENSMUSG00000011658,10090.ENSMUSP00000071194,Fuz,54.71679533333333,protein_coding,5.083702411458237,MM,True,False,False
ENSMUSG00000020904,10090.ENSMUSP00000021287,Cfap52,121.29239399999999,protein_coding,6.208256888434349,MM,True,True,True
ENSMUSG00000040354,10090.ENSMUSP00000037446,Mars,29.168157666666673,protein_coding,4.213028272166464,MM,True,False,True
ENSMUSG00000026064,10090.ENSMUSP00000027232,Ptp4a1,8.418071000000001,protein_coding,2.599009858925214,MM,True,False,True
ENSMUSG00000031787,10090.ENSMUSP00000034239,Katnb1,59.25511033333333,protein_coding,5.1947696301770545,MM,True,False,True
ENSMUSG00000028409,10090.ENSMUSP00000030117,Smu1,60.48381566666666,protein_coding,5.224362968574293,MM,True,False,True
ENSMUSG00000040725,10090.ENSMUSP00000037268,Hnrnpul1,147.45895900000002,protein_coding,6.486731398490585,MM,True,False,True
ENSMUSG00000054823,10090.ENSMUSP00000115470,Nsd3,26.84946533333333,protein_coding,4.09937084424187,MM,True,False,False
ENSMUSG00000025358,10090.ENSMUSP00000026416,Cdk2,80.49022166666667,protein_coding,5.6269568953671785,MM,True,True,True
ENSMUSG00000000532,10090.ENSMUSP00000000544,Acvr1b,7.612876333333332,protein_coding,2.4798719901154187,MM,True,True,True
ENSMUSG00000004788,10090.ENSMUSP00000004910,Eif2b2,18.657288666666673,protein_coding,3.6104112029001416,MM,True,False,True
ENSMUSG00000031960,10090.ENSMUSP00000034441,Aars,63.58023333333333,protein_coding,5.294094703358848,MM,True,False,True
ENSMUSG00000024395,10090.ENSMUSP00000025254,Lims2,15.718750333333332,protein_coding,3.3853381679016983,MM,True,False,True
ENSMUSG00000030530,10090.ENSMUSP00000113370,Furin,1.0924936666666667,protein_coding,0.7285692492183343,MM,True,False,True
ENSMUSG00000046311,10090.ENSMUSP00000104820,Zfp62,30.022920666666664,protein_coding,4.252566915877738,MM,True,True,False
ENSMUSG00000035351,10090.ENSMUSP00000129728,Nup37,40.31065233333333,protein_coding,4.658285244006659,MM,True,False,True
ENSMUSG00000067702,10090.ENSMUSP00000085580,Tuba3a,1627.7995603333334,protein_coding,9.93602145166954,MM,True,True,True
ENSMUSG00000020516,10090.ENSMUSP00000119715,Rps6kb1,4.204542,protein_coding,1.8194371158156273,MM,True,True,True
ENSMUSG00000094374,10090.ENSMUSP00000136943,Gm5435,1.348137333333333,processed_pseudogene,0.8564567041970578,MM,True,False,True
ENSMUSG00000017631,10090.ENSMUSP00000091551,Abr,2.8743173333333334,protein_coding,1.4480861885349285,MM,True,False,False
ENSMUSG00000029141,10090.ENSMUSP00000110179,Slc4a1ap,78.94383,protein_coding,5.599743724619426,MM,True,True,False
ENSMUSG00000040297,10090.ENSMUSP00000044815,Suco,97.95519266666668,protein_coding,5.905382295315683,MM,True,False,True
